position	UNBOUND	O	OO	OOO	H	OH	OOH	OOOH	HH	OHH	OOHH	OOOHH	HHH	OHHH	OOHHH	OOOHHH	
-22.600     0.065     0.106     0.027     0.058     0.050    -0.046    -0.075     0.030     0.028     0.027     0.013     0.017     0.005     0.005     0.002     0.019    -0.018    -0.117     0.007    -0.009     0.006    -0.004     0.011     0.008     0.055    -0.225    -0.002     0.003     0.008     0.014     0.029     0.010
-22.500     0.039    -0.076     0.004    -0.021     0.033    -0.018    -0.021    -0.025     0.005    -0.111     0.000     0.005     0.007     0.012    -0.012    -0.002     0.006    -0.077     0.005    -0.013     0.003    -0.000     0.006    -0.001     0.082    -0.150     0.009     0.014     0.006    -0.002     0.011    -0.011
-22.400    -0.075    -0.033     0.012     0.074     0.044     0.010    -0.020     0.181    -0.011    -0.012     0.001     0.006    -0.003     0.011    -0.013     0.030     0.029    -0.061     0.002    -0.009     0.001    -0.002     0.006     0.010    -0.101     0.002     0.002    -0.010     0.004    -0.012     0.015    -0.010
-22.300     0.117     0.337     0.040     0.033     0.012    -0.004    -0.048    -0.013     0.059    -0.010     0.004     0.004     0.003     0.013    -0.006     0.017     0.024    -0.046     0.000    -0.010     0.003    -0.012     0.002    -0.007    -0.067    -0.106    -0.004    -0.011     0.010     0.007     0.009     0.000
-22.200    -0.174     0.019    -0.006    -0.013     0.030     0.006     0.079    -0.145     0.037     0.087     0.005     0.001    -0.007     0.004     0.012    -0.007     0.037    -0.063    -0.001    -0.015     0.006    -0.014     0.005     0.002     0.034     0.027     0.029    -0.009     0.012    -0.004     0.005    -0.021
-22.100     0.170     0.062    -0.006    -0.005     0.009     0.014     0.015     0.030     0.006     0.070     0.004    -0.012    -0.005     0.002     0.003     0.018     0.030    -0.018     0.003    -0.011     0.002    -0.018     0.009    -0.001    -0.000    -0.023     0.006    -0.014     0.002    -0.005    -0.039    -0.014
-22.000    -0.010     0.019    -0.030    -0.045     0.010     0.016     0.010    -0.189     0.010     0.001     0.003    -0.009    -0.007     0.010     0.007     0.026     0.010    -0.013     0.000    -0.014     0.001    -0.018     0.010     0.005     0.201     0.238     0.021     0.014     0.001    -0.015    -0.000     0.009
-21.900     0.090    -0.038     0.020     0.065     0.000     0.022     0.032    -0.156    -0.015    -0.033     0.007     0.010    -0.001    -0.011    -0.003     0.004     0.005    -0.006    -0.003    -0.012     0.010    -0.011     0.005    -0.012     0.027     0.036    -0.007    -0.016     0.007    -0.004     0.055    -0.004
-21.800    -0.048     0.031    -0.018    -0.050    -0.032     0.031    -0.030    -0.168     0.059     0.000     0.009    -0.012    -0.005     0.008     0.005     0.063    -0.013     0.009     0.001    -0.016     0.003    -0.018     0.009    -0.010     0.021    -0.050    -0.011    -0.036     0.004     0.000     0.013    -0.029
-21.700     0.147     0.067    -0.032     0.062    -0.010     0.024    -0.087    -0.234     0.117    -0.060    -0.003    -0.002     0.004     0.013     0.006     0.030     0.002     0.018     0.004    -0.020     0.004    -0.015    -0.000    -0.016    -0.002    -0.015    -0.004     0.007     0.003    -0.001     0.006     0.023
-21.600     0.054     0.009     0.020    -0.022    -0.023     0.127     0.087     0.238     0.006    -0.056     0.001    -0.021     0.006     0.006     0.030     0.077    -0.016     0.109     0.003    -0.015     0.007    -0.009     0.009    -0.019    -0.092    -0.100    -0.015    -0.028     0.000    -0.018     0.001    -0.063
-21.500     0.088     0.122    -0.023     0.021    -0.021     0.043    -0.016    -0.170     0.039     0.082     0.012    -0.005     0.001     0.025     0.019     0.063    -0.016     0.058     0.008    -0.008     0.009    -0.009    -0.002    -0.020    -0.025    -0.003     0.009     0.026     0.012    -0.009     0.013    -0.030
-21.400    -0.135     0.177     0.002    -0.067     0.000     0.087    -0.010    -0.120     0.071    -0.080     0.005     0.007     0.006     0.011    -0.012     0.002    -0.004     0.077     0.007     0.000     0.010    -0.012     0.007    -0.017    -0.013     0.110     0.030    -0.029     0.013     0.024     0.015    -0.000
-21.300     0.121     0.385     0.040    -0.015    -0.028     0.018     0.061     0.033     0.079    -0.005    -0.003     0.010     0.008     0.010    -0.006     0.039    -0.035     0.063     0.002    -0.026     0.008    -0.010     0.003    -0.016     0.041    -0.013     0.029    -0.014     0.007    -0.008     0.015    -0.009
-21.200    -0.031    -0.436     0.075    -0.010    -0.027     0.014     0.009     0.064     0.014     0.088    -0.000     0.019     0.007     0.024     0.009     0.034     0.009     0.034     0.002    -0.013     0.008    -0.006    -0.006     0.011     0.058    -0.075     0.001    -0.031     0.005    -0.003     0.002    -0.014
-21.100    -0.051    -0.087     0.046     0.060     0.014     0.098    -0.029    -0.010     0.030     0.008     0.002     0.014     0.000     0.028     0.002     0.027    -0.019     0.010     0.008    -0.014     0.008    -0.006    -0.002    -0.003    -0.021    -0.047    -0.017     0.023     0.009    -0.012    -0.002    -0.027
-21.000    -0.147     0.063    -0.026    -0.021    -0.002     0.030    -0.072     0.060     0.064    -0.067    -0.000     0.002     0.007     0.020    -0.001     0.021    -0.001    -0.085     0.005    -0.017     0.005    -0.003    -0.000    -0.014     0.065    -0.105     0.019     0.009    -0.002     0.005     0.014     0.006
-20.900     0.172    -0.137     0.005     0.012    -0.013     0.047     0.069    -0.047    -0.008    -0.008     0.004     0.007     0.007     0.024     0.009     0.038    -0.045    -0.019     0.004    -0.015     0.009    -0.004     0.014    -0.025    -0.105    -0.133    -0.013     0.002     0.004     0.009    -0.016    -0.005
-20.800     0.175    -0.123    -0.017    -0.008    -0.011     0.023     0.142     0.090    -0.018     0.047     0.008     0.006     0.010     0.025    -0.026    -0.005    -0.031    -0.011    -0.004    -0.016     0.010    -0.007     0.003    -0.014    -0.012    -0.278     0.006    -0.002    -0.002     0.017     0.008     0.010
-20.700     0.429    -0.080     0.010    -0.002    -0.052     0.048     0.153     0.150    -0.026     0.049    -0.008     0.023    -0.001     0.009     0.006     0.038    -0.040    -0.147     0.003    -0.013     0.005    -0.007     0.011    -0.003    -0.007    -0.092     0.003    -0.023     0.019     0.004    -0.009    -0.000
-20.600     0.227     0.080    -0.036    -0.070    -0.019     0.030    -0.174    -0.010     0.026     0.028    -0.006     0.018    -0.002     0.021     0.004     0.049    -0.048    -0.104    -0.004    -0.023     0.006    -0.011     0.014     0.001     0.023    -0.394     0.010     0.004     0.011     0.004     0.002    -0.014
-20.500    -0.061     0.094    -0.073     0.024    -0.020     0.040    -0.032     0.053     0.009    -0.028    -0.004     0.011     0.001     0.011     0.002     0.018    -0.051    -0.071    -0.005    -0.021     0.005     0.002     0.007    -0.010    -0.080    -0.043     0.008     0.004    -0.004     0.004     0.005     0.008
-20.400     0.088    -0.118    -0.017     0.014    -0.025     0.045    -0.045     0.101    -0.034     0.067    -0.005     0.017    -0.005     0.024     0.001     0.037    -0.011    -0.075     0.002    -0.017     0.006     0.007     0.016     0.003    -0.064    -0.195    -0.007    -0.026     0.007    -0.005    -0.024     0.029
-20.300     0.006     0.221    -0.021     0.026    -0.039     0.050     0.056     0.077    -0.058    -0.019    -0.008     0.020    -0.009     0.002    -0.026     0.034    -0.038    -0.110     0.009    -0.013     0.008    -0.003     0.012     0.009    -0.124    -0.149     0.020    -0.014     0.008     0.009     0.004    -0.035
-20.200    -0.161     0.067    -0.036     0.056     0.007     0.040    -0.114     0.059    -0.055     0.014     0.000     0.024    -0.001     0.008    -0.021     0.005    -0.040    -0.073    -0.001     0.001     0.007    -0.004     0.003    -0.003    -0.042    -0.063     0.022    -0.031     0.011     0.008     0.029    -0.015
-20.100    -0.017    -0.109    -0.018     0.055    -0.021     0.006    -0.172     0.158    -0.083    -0.029     0.002     0.031    -0.001     0.006    -0.012     0.019    -0.038    -0.085     0.003    -0.002     0.011    -0.011     0.011     0.001    -0.039     0.062     0.007     0.007     0.009    -0.018    -0.001    -0.014
-20.000    -0.070    -0.122    -0.046     0.074    -0.017     0.033    -0.012     0.005    -0.021     0.038     0.005     0.019     0.005     0.019    -0.012    -0.000     0.040    -0.011    -0.005     0.015     0.006    -0.010     0.011    -0.014     0.037     0.155     0.016    -0.006     0.025     0.016     0.004    -0.015
-19.900    -0.020    -0.098    -0.043     0.043    -0.025     0.002     0.061    -0.063    -0.005    -0.024     0.001     0.000     0.004     0.020    -0.003     0.017     0.023    -0.028     0.002     0.012     0.013    -0.010     0.006     0.011     0.013    -0.027     0.011    -0.017     0.002     0.002     0.012     0.005
-19.800     0.038     0.024    -0.020    -0.046    -0.037     0.023    -0.027    -0.066    -0.007    -0.098    -0.004     0.031    -0.008     0.024    -0.019     0.032     0.009     0.027     0.002     0.004     0.009    -0.001     0.007     0.010    -0.052    -0.106     0.019     0.008     0.013     0.014    -0.008    -0.008
-19.700    -0.148     0.095     0.025     0.041    -0.039     0.015    -0.012    -0.123    -0.015    -0.044     0.006    -0.008     0.006     0.020     0.008     0.022    -0.005    -0.024     0.000     0.002     0.012     0.003     0.007     0.009    -0.110    -0.272     0.004    -0.025     0.014     0.015     0.011    -0.009
-19.600     0.099     0.067    -0.017     0.039    -0.053    -0.002    -0.003    -0.117     0.026    -0.005     0.004     0.019     0.001     0.009     0.008     0.043     0.002     0.071     0.003    -0.001     0.007     0.001     0.010     0.014     0.050     0.016    -0.000    -0.007     0.002    -0.012     0.005     0.049
-19.500     0.036    -0.030    -0.031     0.017    -0.041     0.002    -0.005    -0.054    -0.051    -0.036     0.001     0.013     0.005     0.024     0.004     0.049     0.038     0.057     0.001    -0.002     0.013     0.010     0.006     0.002    -0.054    -0.009    -0.011    -0.034     0.002     0.016     0.021     0.025
-19.400    -0.002     0.115     0.003    -0.010     0.005    -0.013    -0.087    -0.107     0.021     0.114     0.001     0.005     0.008     0.020     0.011     0.068     0.002     0.052     0.001    -0.000     0.008     0.003     0.008    -0.003     0.089     0.004    -0.013    -0.002     0.001    -0.002     0.024     0.009
-19.300    -0.008    -0.503     0.007     0.024    -0.016     0.037     0.016    -0.014    -0.002     0.025     0.019     0.019     0.004     0.027     0.002     0.049    -0.002    -0.004     0.005     0.004     0.009    -0.004     0.014     0.004    -0.060     0.072     0.005     0.012    -0.007     0.012     0.005    -0.018
-19.200     0.046    -0.072    -0.027     0.040     0.003    -0.026    -0.160    -0.110     0.007     0.032     0.004     0.007    -0.004     0.023     0.020     0.048    -0.046    -0.000     0.006     0.003     0.007    -0.007     0.010    -0.008     0.001    -0.040    -0.002     0.014    -0.007     0.001    -0.023     0.047
-19.100    -0.323     0.243    -0.044    -0.065     0.027     0.046     0.065    -0.086     0.007     0.107     0.000     0.019     0.001     0.025    -0.014     0.012    -0.013    -0.033     0.010     0.002     0.006    -0.006     0.014    -0.012    -0.071    -0.064    -0.007    -0.021    -0.003    -0.012    -0.033     0.009
-19.000    -0.081     0.052     0.015     0.031     0.005     0.006     0.168    -0.090    -0.058     0.032     0.004    -0.007     0.013     0.021    -0.001     0.012    -0.034    -0.026     0.003    -0.006     0.007    -0.010     0.003    -0.017     0.113     0.104     0.003    -0.008     0.014    -0.001     0.001    -0.019
-18.900    -0.132     0.182    -0.021    -0.054    -0.004    -0.022     0.142    -0.194    -0.071    -0.044    -0.011    -0.004     0.012     0.011    -0.020     0.014     0.008     0.019     0.009     0.003     0.004    -0.014     0.015    -0.009     0.013    -0.138    -0.003    -0.013    -0.004    -0.004     0.001     0.001
-18.800    -0.029    -0.239     0.030    -0.043     0.024    -0.010     0.029     0.037    -0.067    -0.064    -0.017     0.010    -0.001     0.010    -0.008     0.005    -0.054     0.026     0.013    -0.005     0.005    -0.012    -0.004    -0.010    -0.066     0.045     0.002    -0.045    -0.001     0.018    -0.029     0.036
-18.700     0.090     0.051    -0.021     0.029    -0.001    -0.022     0.016     0.112    -0.003    -0.101    -0.008     0.003     0.002     0.012     0.001     0.029    -0.004    -0.041     0.003    -0.010     0.006    -0.020     0.007    -0.016    -0.030    -0.129     0.005    -0.005    -0.005    -0.009     0.016     0.014
-18.600    -0.038     0.022    -0.040     0.029    -0.018     0.004    -0.126    -0.122    -0.032     0.016     0.006    -0.002     0.003     0.004     0.026    -0.002    -0.052    -0.042     0.007    -0.017     0.005    -0.015    -0.002    -0.012    -0.013     0.134    -0.012    -0.017    -0.014    -0.028     0.008     0.001
-18.500    -0.034    -0.086     0.017    -0.038    -0.030    -0.036     0.061    -0.098    -0.007    -0.084     0.006     0.021     0.003     0.019     0.016     0.028     0.006    -0.015     0.007    -0.021     0.004    -0.011     0.002    -0.015    -0.041    -0.068     0.006    -0.025     0.012     0.007    -0.023     0.003
-18.400    -0.148    -0.232    -0.028     0.035    -0.028     0.014    -0.017     0.140    -0.056    -0.056     0.015     0.002    -0.010     0.008    -0.011     0.040     0.018     0.027     0.009    -0.009     0.009    -0.002     0.000     0.002    -0.030    -0.011     0.012    -0.020     0.019    -0.006     0.002    -0.008
-18.300    -0.187    -0.121    -0.042     0.006     0.002     0.012     0.030    -0.079    -0.116    -0.000     0.006     0.018    -0.007     0.003    -0.004     0.003     0.032    -0.036     0.007    -0.010     0.009     0.003    -0.001     0.015     0.059     0.022     0.004    -0.012     0.005     0.001    -0.019     0.014
-18.200     0.013     0.127    -0.025    -0.037     0.006     0.012    -0.051    -0.054    -0.096    -0.079     0.005     0.003    -0.005    -0.000     0.001     0.003    -0.007    -0.005     0.007    -0.009     0.011    -0.006    -0.000     0.001    -0.010     0.048     0.013     0.008    -0.003    -0.026     0.023    -0.030
-18.100    -0.119    -0.055     0.008     0.013    -0.003    -0.001    -0.045    -0.088    -0.085    -0.011     0.018     0.004    -0.007     0.001     0.000     0.013     0.015    -0.004     0.012    -0.011     0.005    -0.012     0.005    -0.017    -0.009    -0.010     0.008     0.012    -0.000    -0.008    -0.002    -0.005
-18.000    -0.163     0.135    -0.001    -0.009    -0.012     0.037     0.003     0.158    -0.079     0.003     0.005    -0.006    -0.002     0.010     0.013     0.044     0.011    -0.049     0.011    -0.022     0.008    -0.012     0.005    -0.028     0.131    -0.085     0.005     0.002    -0.004    -0.001     0.009    -0.008
-17.900     0.009    -0.253    -0.039    -0.023    -0.004     0.026     0.069     0.072    -0.040    -0.095     0.008    -0.025    -0.007     0.011    -0.009     0.002     0.006    -0.053     0.003    -0.025     0.003    -0.007     0.001    -0.009     0.072    -0.021     0.018    -0.010     0.004    -0.004     0.002     0.017
-17.800    -0.016     0.007     0.005     0.032    -0.002     0.078    -0.123    -0.049    -0.073    -0.067    -0.003    -0.025     0.001     0.005    -0.008    -0.010    -0.010    -0.051     0.011    -0.023     0.005    -0.019     0.012    -0.003    -0.092     0.151     0.005    -0.046     0.008    -0.009    -0.002    -0.035
-17.700    -0.141     0.309    -0.008    -0.024    -0.012     0.067    -0.106    -0.070    -0.023     0.036    -0.003    -0.005    -0.001    -0.008     0.005    -0.038    -0.020    -0.039     0.014    -0.025     0.003    -0.015     0.001    -0.007    -0.020    -0.014     0.012    -0.020    -0.001    -0.004     0.037     0.018
-17.600    -0.084     0.149    -0.054     0.057    -0.002     0.121    -0.124    -0.163    -0.067    -0.068     0.008    -0.009    -0.001    -0.012    -0.015    -0.038     0.008    -0.021     0.009    -0.024     0.003    -0.015    -0.001    -0.013     0.010     0.147     0.025    -0.016    -0.002    -0.017     0.009    -0.027
-17.500    -0.120    -0.148    -0.046     0.054    -0.005     0.023    -0.094    -0.154    -0.046    -0.052    -0.012     0.008     0.006    -0.020     0.009    -0.004     0.039    -0.055     0.004    -0.015     0.007    -0.017    -0.001    -0.018    -0.057     0.064     0.014    -0.038     0.006    -0.008     0.018    -0.030
-17.400     0.037     0.157    -0.014     0.012    -0.014    -0.065    -0.078    -0.309    -0.024     0.049    -0.008    -0.001    -0.003    -0.014    -0.007    -0.001     0.023    -0.070     0.010    -0.020     0.006    -0.022     0.002    -0.021     0.018     0.125    -0.003     0.001    -0.006    -0.017    -0.005    -0.014
-17.300    -0.030     0.117    -0.021     0.051     0.025    -0.034     0.148    -0.166    -0.028     0.007    -0.001    -0.011    -0.012    -0.013    -0.009     0.003    -0.003    -0.031     0.009    -0.014     0.004    -0.013     0.004    -0.011    -0.133    -0.098     0.001    -0.023    -0.002    -0.036     0.013    -0.042
-17.200     0.077    -0.036     0.004     0.035    -0.025    -0.020     0.054     0.007     0.044    -0.120     0.000    -0.035    -0.002    -0.003    -0.005    -0.002     0.011    -0.024     0.009    -0.020     0.008    -0.014     0.001    -0.018    -0.019    -0.221     0.001     0.002     0.008    -0.014     0.001    -0.039
-17.100    -0.118     0.069     0.042     0.032     0.034     0.011     0.039    -0.136     0.016     0.005     0.006    -0.028    -0.003     0.001    -0.003     0.010     0.014    -0.028     0.006    -0.013     0.006    -0.027     0.006    -0.017    -0.135    -0.145     0.007    -0.023     0.004     0.002     0.004    -0.033
-17.000    -0.011    -0.299    -0.001    -0.002    -0.003     0.030    -0.032     0.140    -0.009     0.054     0.010    -0.027     0.006    -0.006    -0.008     0.001    -0.018     0.004     0.008    -0.017     0.006    -0.022    -0.001    -0.020    -0.048    -0.084     0.023     0.006     0.006     0.018     0.027    -0.010
-16.900    -0.166    -0.004    -0.028     0.028     0.042    -0.040     0.071     0.003     0.015    -0.057     0.008    -0.029     0.006    -0.009    -0.012     0.047     0.009    -0.072     0.007    -0.005     0.005    -0.021    -0.004    -0.020    -0.021    -0.096     0.017    -0.007     0.006    -0.002     0.005    -0.033
-16.800     0.065    -0.035    -0.022    -0.024     0.043     0.045     0.005    -0.114     0.001    -0.031     0.011    -0.001    -0.002     0.003     0.001     0.002    -0.003    -0.009     0.013     0.002     0.005    -0.013    -0.002    -0.019     0.002    -0.156     0.003     0.018     0.000    -0.019    -0.001     0.003
-16.700     0.149    -0.138    -0.032     0.013     0.024    -0.062    -0.070    -0.018    -0.045    -0.120     0.007    -0.011    -0.007    -0.009    -0.023     0.028    -0.013    -0.023     0.009    -0.014     0.007    -0.014     0.007    -0.023     0.033    -0.025     0.021    -0.012     0.005    -0.027    -0.008     0.005
-16.600     0.077    -0.086     0.016     0.012     0.061    -0.022    -0.092     0.061    -0.012    -0.029     0.026    -0.008    -0.003    -0.006     0.026     0.060    -0.022    -0.097     0.015    -0.012     0.005    -0.007     0.006    -0.024     0.076     0.107     0.017    -0.002    -0.004    -0.008    -0.012    -0.009
-16.500    -0.136     0.188     0.014     0.023    -0.012    -0.019    -0.000     0.207     0.014    -0.115     0.006    -0.012     0.006     0.004    -0.013     0.024     0.029     0.033     0.018    -0.010     0.005    -0.010     0.007    -0.011    -0.034    -0.156    -0.002    -0.005     0.006    -0.012    -0.007     0.002
-16.400     0.010     0.239     0.081    -0.040     0.042    -0.023     0.040     0.059     0.019    -0.016     0.015    -0.011     0.005    -0.000    -0.026     0.058     0.011    -0.007     0.014    -0.000     0.000    -0.019     0.006    -0.003     0.012    -0.065     0.036    -0.016     0.013     0.007     0.002    -0.022
-16.300     0.067    -0.284     0.029     0.066     0.014    -0.052     0.076     0.007    -0.023    -0.028     0.008    -0.019     0.006     0.012    -0.001    -0.003     0.004    -0.049     0.012    -0.010     0.002    -0.007     0.002    -0.015     0.080    -0.022     0.008    -0.006     0.009    -0.012     0.009    -0.003
-16.200    -0.001     0.100     0.018     0.043     0.062     0.017     0.014    -0.204     0.017    -0.054     0.001    -0.004     0.001     0.006    -0.020    -0.006     0.046     0.052     0.014     0.002     0.005    -0.010     0.001    -0.024     0.041    -0.122     0.012     0.024     0.003    -0.022    -0.022     0.024
-16.100    -0.022    -0.022    -0.015    -0.018    -0.011    -0.055     0.079    -0.336    -0.040    -0.074    -0.004    -0.014    -0.002    -0.007    -0.014    -0.010    -0.004    -0.035     0.009    -0.005     0.003    -0.016     0.001    -0.014    -0.006    -0.067     0.032    -0.019    -0.004    -0.018    -0.010    -0.002
-16.000    -0.032     0.090     0.033     0.018     0.009    -0.087     0.119    -0.128    -0.068    -0.096    -0.004     0.001    -0.009    -0.015    -0.004    -0.001    -0.013    -0.040     0.015    -0.008     0.012    -0.018    -0.007    -0.021     0.069    -0.224     0.014    -0.014     0.016    -0.018    -0.012    -0.041
-15.900     0.040    -0.008     0.062     0.015    -0.034    -0.011    -0.026     0.045    -0.022    -0.078    -0.000    -0.003    -0.009    -0.012     0.001    -0.007    -0.004    -0.009     0.015    -0.028     0.009    -0.020    -0.004    -0.031    -0.051    -0.063     0.021    -0.042     0.019    -0.010     0.041     0.018
-15.800     0.049     0.044    -0.022    -0.043     0.002    -0.084    -0.011    -0.009    -0.011    -0.012     0.000    -0.021    -0.003     0.000     0.011    -0.028    -0.016     0.025     0.018    -0.019     0.004    -0.021     0.007    -0.030    -0.025    -0.215     0.016    -0.001     0.008    -0.028    -0.017    -0.027
-15.700     0.011    -0.013     0.029    -0.023     0.061     0.067     0.020    -0.102    -0.010     0.020    -0.003    -0.028    -0.011    -0.001    -0.021    -0.036     0.021     0.052     0.013    -0.021     0.007    -0.021     0.000    -0.034     0.008    -0.004     0.017    -0.006     0.001    -0.019     0.001    -0.060
-15.600    -0.202    -0.080     0.055    -0.038    -0.002    -0.113     0.046    -0.207    -0.033     0.072     0.001    -0.006    -0.005    -0.000    -0.035     0.007    -0.052    -0.026     0.012    -0.020     0.012    -0.022     0.005    -0.016     0.137    -0.139     0.017    -0.014     0.009    -0.013     0.014    -0.048
-15.500    -0.004     0.454     0.002    -0.078     0.009     0.009     0.067     0.186    -0.014    -0.026    -0.012     0.013    -0.001     0.020    -0.006     0.007     0.002    -0.001     0.010    -0.022     0.013    -0.022     0.007    -0.024    -0.093     0.067     0.007    -0.002     0.017    -0.009     0.008     0.008
-15.400     0.084     0.001    -0.045    -0.076    -0.016     0.001    -0.023     0.338    -0.011    -0.030     0.002     0.006    -0.001     0.003    -0.011    -0.034    -0.026    -0.013     0.011    -0.014     0.017    -0.016     0.001    -0.033    -0.065    -0.034    -0.013    -0.013     0.010    -0.025     0.004     0.033
-15.300    -0.302     0.247    -0.036    -0.003     0.006     0.026     0.045    -0.417    -0.023     0.056     0.003     0.012    -0.002     0.012     0.018    -0.010    -0.051    -0.046     0.011    -0.010     0.015    -0.017     0.006    -0.018    -0.115     0.047    -0.007     0.018     0.003    -0.022    -0.009    -0.009
-15.200    -0.011     0.132    -0.033    -0.038    -0.026    -0.085    -0.165     0.136    -0.020    -0.056    -0.003     0.002    -0.002     0.006    -0.000     0.017    -0.026    -0.011     0.008    -0.009     0.010    -0.023     0.005    -0.030    -0.059    -0.024     0.005     0.001     0.002    -0.021     0.013    -0.039
-15.100    -0.018     0.037    -0.013     0.002    -0.039     0.027     0.091    -0.042    -0.029    -0.027     0.005     0.009     0.009     0.010     0.014     0.018    -0.051     0.003     0.016    -0.021     0.007    -0.022     0.004    -0.033    -0.038    -0.013    -0.003    -0.032     0.006    -0.022     0.020    -0.014
-15.000    -0.074    -0.176    -0.033    -0.084    -0.029    -0.015     0.102     0.093     0.043    -0.024    -0.000     0.018    -0.001     0.005    -0.009     0.022    -0.009     0.031     0.012    -0.005     0.008    -0.014     0.008    -0.036    -0.065    -0.045     0.012     0.009     0.024    -0.007     0.009    -0.020
-14.900    -0.173     0.105    -0.008    -0.019    -0.012    -0.024    -0.030    -0.136     0.072    -0.067     0.009     0.020     0.000     0.019    -0.008     0.014     0.025    -0.025     0.015    -0.019     0.004    -0.014     0.004    -0.032    -0.026    -0.097    -0.015    -0.025     0.001    -0.017     0.011    -0.023
-14.800    -0.011     0.078    -0.038    -0.059    -0.032    -0.088     0.134     0.106     0.059     0.029     0.007     0.014    -0.003     0.015    -0.001     0.006     0.022    -0.061     0.009    -0.018     0.003    -0.014    -0.003    -0.025     0.094    -0.002     0.003    -0.018     0.015    -0.007     0.021    -0.014
-14.700     0.024    -0.107     0.006     0.036     0.002    -0.057     0.122     0.016     0.028     0.044     0.009     0.010    -0.002    -0.000    -0.016    -0.012     0.006     0.000    -0.001    -0.025     0.008    -0.009     0.006    -0.019     0.009    -0.077     0.009     0.003     0.005     0.005     0.006    -0.025
-14.600    -0.222     0.057     0.018    -0.013     0.011    -0.134     0.050    -0.249     0.029     0.052     0.000     0.029    -0.013     0.004     0.002    -0.003    -0.002     0.009    -0.001    -0.016     0.004    -0.012     0.005    -0.028     0.115     0.067     0.010    -0.012     0.013    -0.007     0.002    -0.006
-14.500     0.226    -0.008     0.029     0.043    -0.019    -0.046    -0.097    -0.209     0.006     0.076    -0.003     0.009    -0.011     0.005    -0.034    -0.026     0.029    -0.006     0.001    -0.019     0.003    -0.019     0.004    -0.019     0.018    -0.042    -0.010    -0.043    -0.003    -0.000     0.025    -0.033
-14.400     0.207     0.224    -0.046    -0.140    -0.014    -0.033    -0.027     0.201    -0.038    -0.018    -0.005     0.001    -0.010     0.006    -0.014    -0.010     0.031     0.013     0.006    -0.021     0.003    -0.016     0.005    -0.014     0.018    -0.027     0.006    -0.032     0.012    -0.005     0.010    -0.016
-14.300     0.134     0.221    -0.059    -0.075     0.020    -0.078     0.021    -0.051     0.035     0.052    -0.011     0.009    -0.010    -0.011    -0.027    -0.010    -0.001    -0.024     0.007    -0.018     0.001    -0.020     0.008    -0.016    -0.005     0.059    -0.003    -0.017     0.003     0.002     0.021    -0.031
-14.200    -0.109     0.107    -0.021    -0.008     0.017    -0.027    -0.039     0.080     0.001     0.002    -0.012     0.018    -0.010    -0.018    -0.008    -0.020     0.014     0.051     0.009    -0.015    -0.000    -0.012     0.005    -0.030    -0.010     0.035    -0.010    -0.010     0.005    -0.018     0.023    -0.014
-14.100     0.046     0.376    -0.029    -0.077     0.010    -0.085     0.065    -0.273     0.004     0.047    -0.009    -0.012    -0.012    -0.020    -0.012     0.012     0.007     0.041     0.003    -0.006    -0.001    -0.018     0.003    -0.016     0.004     0.068    -0.001    -0.031     0.011     0.021     0.017    -0.019
-14.000    -0.034    -0.192    -0.017    -0.020    -0.023     0.076    -0.118     0.148    -0.006    -0.012    -0.010     0.005    -0.011    -0.022     0.003    -0.023     0.039     0.028     0.001    -0.005    -0.002    -0.009    -0.006    -0.024    -0.023    -0.156    -0.003     0.017     0.007    -0.020     0.031    -0.008
-13.900     0.165     0.623     0.020    -0.036    -0.012    -0.065    -0.048    -0.005    -0.038    -0.012     0.001    -0.023    -0.018    -0.020    -0.019    -0.013    -0.017     0.020     0.005    -0.006    -0.002    -0.012     0.001    -0.013     0.027     0.017    -0.003    -0.002    -0.008    -0.020     0.000    -0.050
-13.800     0.034     0.300     0.003    -0.059    -0.002    -0.063     0.058    -0.107    -0.044     0.106    -0.005    -0.023    -0.007    -0.026    -0.013    -0.029     0.052    -0.013     0.008     0.000     0.002    -0.006    -0.000    -0.013     0.030     0.072     0.005    -0.003    -0.003    -0.034    -0.006    -0.043
-13.700    -0.095    -0.122     0.017    -0.000    -0.045    -0.021    -0.116     0.036    -0.055    -0.024     0.007    -0.007    -0.012    -0.027    -0.007    -0.066     0.034     0.019     0.005     0.010     0.005    -0.008     0.000    -0.009     0.067    -0.040     0.010    -0.011    -0.001    -0.021    -0.009    -0.030
-13.600    -0.113    -0.210     0.017     0.001    -0.014    -0.058    -0.127    -0.164    -0.002     0.039    -0.013    -0.018    -0.003    -0.009    -0.008    -0.040     0.005     0.059     0.008     0.007     0.005    -0.013    -0.001    -0.020    -0.026     0.160    -0.012    -0.022     0.005    -0.017    -0.015    -0.016
-13.500    -0.005     0.269     0.007    -0.020     0.027    -0.078     0.194     0.543    -0.039     0.053     0.013    -0.001     0.008    -0.023    -0.001    -0.027    -0.022    -0.041     0.014    -0.004     0.006    -0.008     0.006    -0.023     0.093     0.103    -0.002     0.020     0.009    -0.019    -0.004     0.015
-13.400     0.129     0.358    -0.022    -0.048    -0.040    -0.015     0.063     0.198    -0.000     0.110     0.016     0.007     0.004    -0.005    -0.028    -0.043    -0.001    -0.008     0.009     0.007     0.008    -0.015     0.005    -0.001    -0.059    -0.057     0.025     0.018    -0.006    -0.009     0.023     0.005
-13.300    -0.132    -0.408     0.013    -0.002    -0.004    -0.008     0.105     0.191     0.002     0.002     0.011    -0.006     0.003    -0.016    -0.001    -0.006     0.048    -0.038     0.014    -0.003     0.008    -0.009     0.005    -0.014     0.062     0.101    -0.006     0.002     0.018    -0.014     0.019    -0.014
-13.200    -0.129     0.010    -0.006    -0.100    -0.068     0.066     0.134     0.064    -0.056    -0.030     0.005    -0.001    -0.003    -0.002    -0.023     0.001    -0.002     0.095     0.010    -0.008     0.008    -0.009    -0.003    -0.002     0.029    -0.064     0.008    -0.017     0.024     0.010     0.011     0.027
-13.100    -0.266    -0.383    -0.040     0.006    -0.033    -0.032    -0.050    -0.158     0.026    -0.027    -0.002     0.002     0.002    -0.002     0.000    -0.002     0.003    -0.023     0.009     0.008     0.008    -0.008     0.005    -0.008    -0.013     0.028    -0.000     0.015     0.008    -0.013     0.006     0.023
-13.000     0.203    -0.080    -0.060    -0.034    -0.064    -0.105    -0.080    -0.083     0.039    -0.056     0.002    -0.009    -0.003    -0.015    -0.021     0.013     0.006    -0.009     0.010    -0.001     0.008    -0.005     0.003    -0.016     0.003    -0.010     0.009    -0.034     0.001    -0.014     0.006     0.005
-12.900    -0.192    -0.011    -0.016    -0.005    -0.013    -0.056     0.001    -0.023     0.001    -0.018     0.010     0.001    -0.001    -0.018     0.001    -0.034    -0.054    -0.021     0.009    -0.002     0.010    -0.004     0.003    -0.011    -0.086    -0.025    -0.018     0.024     0.006    -0.010     0.007    -0.009
-12.800    -0.053    -0.306    -0.033    -0.017    -0.055    -0.040     0.188    -0.049     0.033    -0.099     0.005    -0.021     0.004    -0.024     0.017    -0.033    -0.019     0.013     0.008     0.001     0.007    -0.005     0.012    -0.009    -0.077    -0.062    -0.012    -0.008     0.013    -0.022     0.021    -0.007
-12.700     0.023     0.335     0.011     0.020    -0.019    -0.107    -0.108    -0.239    -0.001     0.047    -0.012    -0.011     0.005    -0.010    -0.007    -0.040    -0.066     0.032     0.004     0.004     0.008    -0.004     0.009    -0.017    -0.074     0.274    -0.013    -0.014     0.004    -0.026     0.036    -0.024
-12.600     0.111    -0.265     0.014    -0.012    -0.038     0.011    -0.124    -0.294    -0.036     0.022     0.002    -0.007    -0.002    -0.011     0.002    -0.024    -0.047     0.007    -0.004    -0.005     0.009    -0.011     0.011    -0.016     0.031    -0.159    -0.004     0.013     0.007    -0.012     0.026     0.014
-12.500    -0.035     0.180     0.008    -0.043    -0.103    -0.055     0.090     0.073     0.058    -0.034    -0.011    -0.008     0.000     0.004    -0.009    -0.063    -0.010     0.053     0.001     0.006     0.008    -0.008     0.003    -0.016     0.028    -0.107     0.006     0.020     0.014    -0.008     0.001    -0.009
-12.400    -0.141     0.076    -0.029     0.019    -0.059     0.024    -0.218    -0.062     0.008     0.083    -0.016    -0.025     0.005    -0.013     0.003    -0.021     0.007     0.006    -0.001    -0.004     0.008    -0.013     0.007    -0.015    -0.048    -0.141    -0.025     0.008     0.002    -0.007     0.029    -0.011
-12.300    -0.014    -0.191    -0.091    -0.090    -0.087     0.024    -0.059    -0.044     0.054     0.085    -0.013    -0.016     0.004    -0.021     0.014    -0.079     0.033    -0.066    -0.011     0.014     0.007    -0.013     0.007    -0.020     0.141     0.104    -0.011    -0.008     0.021    -0.001     0.016     0.021
-12.200     0.126    -0.541    -0.032    -0.126    -0.028     0.064     0.097    -0.213     0.049    -0.015    -0.006    -0.025    -0.001    -0.012    -0.005    -0.087     0.039     0.015    -0.006     0.000     0.005    -0.016     0.006    -0.023     0.087     0.120    -0.005     0.010     0.007    -0.017     0.006    -0.026
-12.100     0.128     0.050    -0.045    -0.094    -0.049     0.056    -0.052     0.244    -0.007    -0.081     0.001    -0.022     0.001    -0.032     0.011    -0.074     0.026     0.012    -0.005     0.011     0.004    -0.017     0.005    -0.018    -0.106    -0.071     0.005     0.036     0.007    -0.028     0.002    -0.015
-12.000     0.073     0.022     0.017     0.020    -0.088     0.004    -0.035     0.019    -0.002     0.021    -0.005    -0.020     0.005    -0.024     0.003    -0.054     0.016     0.085    -0.008     0.010     0.005    -0.018     0.007    -0.007     0.057     0.153    -0.016     0.015     0.009    -0.018     0.016    -0.027
-11.900    -0.042     0.195    -0.016    -0.023    -0.057    -0.001    -0.054    -0.091    -0.018     0.048     0.012    -0.026     0.010    -0.018     0.009    -0.045     0.041     0.049    -0.001     0.006     0.007    -0.010     0.002     0.000    -0.017     0.057    -0.012     0.031     0.010    -0.014     0.011    -0.022
-11.800     0.224     0.086    -0.037    -0.044    -0.115     0.079    -0.149     0.028     0.021     0.022    -0.000    -0.048     0.001    -0.025     0.001    -0.104     0.010     0.092     0.002    -0.005     0.007    -0.003     0.009     0.002    -0.099     0.012    -0.008     0.031     0.012    -0.025     0.027     0.033
-11.700    -0.078    -0.176     0.008    -0.067    -0.062    -0.001    -0.149    -0.088    -0.075    -0.047    -0.002    -0.029     0.007    -0.024    -0.005    -0.059    -0.022     0.108    -0.000     0.004     0.010    -0.009     0.010     0.006    -0.059     0.069     0.023    -0.016     0.019    -0.014     0.012     0.010
-11.600    -0.131    -0.265     0.010    -0.003    -0.054    -0.045     0.046     0.039    -0.001    -0.098    -0.006    -0.030     0.002    -0.034     0.014    -0.074    -0.043     0.154     0.006     0.009     0.012    -0.005     0.006    -0.005    -0.013     0.165     0.007    -0.004     0.002    -0.026     0.002     0.009
-11.500     0.072    -0.198    -0.020    -0.076    -0.065    -0.092    -0.190    -0.355    -0.034    -0.034     0.006    -0.016     0.003    -0.040     0.001    -0.036    -0.041     0.067    -0.001     0.005     0.006    -0.003     0.010    -0.009     0.023    -0.004     0.006    -0.000     0.009    -0.008     0.009     0.001
-11.400     0.224    -0.408    -0.012    -0.081    -0.043    -0.080    -0.209    -0.279     0.061     0.022     0.001    -0.027     0.013    -0.044    -0.002    -0.068    -0.015     0.065     0.001     0.006     0.006     0.002     0.012     0.004     0.050    -0.074    -0.007    -0.021     0.012    -0.021    -0.004    -0.012
-11.300    -0.013    -0.138    -0.044    -0.038    -0.023    -0.023    -0.005     0.135     0.024     0.072     0.006    -0.049     0.011    -0.040    -0.016    -0.046     0.002     0.108     0.003    -0.003     0.005    -0.001     0.006     0.002    -0.038     0.009     0.012     0.046    -0.006    -0.010     0.003     0.007
-11.200     0.192     0.369    -0.060    -0.052    -0.026    -0.064     0.131    -0.322    -0.046     0.055     0.008    -0.022     0.010    -0.054     0.005    -0.037     0.044     0.103    -0.004     0.010     0.005    -0.002     0.008     0.003     0.077    -0.013    -0.019    -0.013     0.004    -0.004     0.002    -0.003
-11.100     0.213    -0.057    -0.054     0.016    -0.043    -0.137    -0.251    -0.200     0.038     0.000     0.000    -0.029    -0.004    -0.032     0.001    -0.039     0.020     0.116    -0.002     0.013     0.001     0.005     0.005    -0.024    -0.002    -0.020    -0.004     0.013    -0.001    -0.016     0.008    -0.036
-11.000     0.206    -0.354    -0.041     0.025    -0.049    -0.103    -0.104    -0.012     0.011    -0.035     0.003    -0.014     0.002    -0.042     0.030    -0.052    -0.023     0.048    -0.000    -0.001    -0.000    -0.001     0.006    -0.004     0.042     0.079     0.017    -0.004     0.005    -0.012     0.014    -0.010
-10.900     0.247     0.121    -0.025     0.003    -0.026    -0.096     0.068    -0.160    -0.016    -0.050     0.014    -0.011     0.002    -0.035     0.013    -0.034    -0.029     0.050    -0.004     0.011     0.002     0.003     0.009    -0.008    -0.117     0.007     0.006     0.018    -0.007    -0.013    -0.001    -0.002
-10.800     0.123     0.213    -0.034    -0.031    -0.005    -0.108     0.095    -0.181    -0.041     0.010    -0.002    -0.010     0.002    -0.038     0.024    -0.060    -0.009     0.078    -0.005     0.007     0.003     0.004     0.008     0.000    -0.055     0.186    -0.007     0.021     0.000    -0.008     0.008    -0.008
-10.700     0.221    -0.160     0.026    -0.040    -0.037    -0.045     0.062    -0.363     0.032     0.009     0.009    -0.015     0.005    -0.054     0.029    -0.059     0.011     0.085    -0.008     0.023    -0.001     0.002     0.009    -0.007     0.009     0.074    -0.027     0.016    -0.002     0.010     0.024    -0.052
-10.600     0.145    -0.199    -0.021    -0.065    -0.025    -0.074     0.015     0.219     0.002     0.019    -0.006    -0.030    -0.001    -0.040     0.033    -0.071    -0.022     0.020    -0.010     0.020    -0.001     0.001     0.005     0.002     0.057     0.065    -0.013     0.035    -0.005    -0.008    -0.009    -0.011
-10.500    -0.043    -0.531     0.001    -0.114    -0.027    -0.092     0.037    -0.224    -0.061     0.058     0.003    -0.011    -0.003    -0.043     0.029    -0.092    -0.008     0.104    -0.013     0.015    -0.002     0.001     0.002     0.010    -0.144     0.115    -0.034     0.024     0.001    -0.004    -0.013    -0.033
-10.400    -0.219    -0.135     0.044    -0.069    -0.021    -0.080    -0.000     0.004     0.033    -0.059    -0.004    -0.030    -0.004    -0.060     0.004    -0.078    -0.011     0.058    -0.013     0.016    -0.003     0.001    -0.003    -0.001     0.062     0.082    -0.024     0.016    -0.010    -0.005    -0.004     0.018
-10.300     0.041    -0.185    -0.015    -0.032     0.000    -0.117    -0.172    -0.212    -0.011    -0.049    -0.003    -0.015    -0.005    -0.057    -0.003    -0.065    -0.014    -0.060    -0.010     0.025    -0.003     0.003     0.006     0.011    -0.040     0.127    -0.023     0.038    -0.014     0.002     0.005    -0.027
-10.200    -0.068     0.047    -0.000    -0.027     0.049    -0.097    -0.129    -0.146    -0.004    -0.021    -0.000    -0.031    -0.005    -0.060    -0.021    -0.067    -0.046    -0.031    -0.002     0.038    -0.005     0.006    -0.005     0.009     0.065     0.013    -0.005     0.011     0.003     0.004     0.013    -0.022
-10.100    -0.161    -0.284     0.026    -0.030    -0.006    -0.097    -0.067     0.021     0.056    -0.023    -0.005    -0.028    -0.011    -0.060    -0.007    -0.093    -0.041    -0.049    -0.009     0.024    -0.004     0.012     0.002     0.020    -0.036     0.014    -0.014     0.026    -0.004    -0.004    -0.019     0.060
-10.000    -0.000    -0.088     0.001    -0.048    -0.044    -0.130     0.081     0.169    -0.018     0.010    -0.001    -0.038    -0.000    -0.069     0.006    -0.088    -0.020     0.030    -0.016     0.028    -0.007     0.012    -0.005     0.018    -0.060     0.057    -0.016     0.048    -0.010    -0.008    -0.021    -0.004
-9.900    -0.216    -0.128    -0.010    -0.063    -0.060    -0.147     0.064    -0.144     0.098     0.168    -0.010    -0.034    -0.012    -0.070    -0.013    -0.113    -0.010     0.030    -0.017     0.031    -0.012     0.006    -0.003     0.024     0.012     0.087    -0.008     0.040    -0.020    -0.013    -0.017     0.023
-9.800    -0.006    -0.063     0.008    -0.083    -0.002    -0.056     0.049    -0.233     0.032     0.028    -0.005    -0.041     0.007    -0.082     0.002    -0.106     0.023     0.006    -0.015     0.020    -0.012     0.010    -0.008     0.023     0.038     0.009    -0.007     0.019    -0.011     0.016     0.004     0.002
-9.700     0.011    -0.337    -0.003    -0.106    -0.009    -0.165     0.073    -0.174     0.042     0.014    -0.009    -0.040     0.009    -0.077     0.013    -0.096     0.022    -0.032    -0.020     0.028    -0.013     0.010    -0.010     0.016    -0.045    -0.070    -0.032     0.010    -0.006     0.017    -0.004     0.010
-9.600     0.004    -0.314    -0.008    -0.044    -0.026    -0.161     0.003    -0.086    -0.029    -0.099    -0.019    -0.030     0.008    -0.070     0.027    -0.054    -0.024    -0.001    -0.023     0.035    -0.012     0.006    -0.012     0.017    -0.039    -0.101    -0.022     0.002    -0.007     0.020     0.018     0.023
-9.500    -0.103    -0.012     0.010    -0.135    -0.021    -0.125    -0.160    -0.249     0.065    -0.020    -0.024    -0.041     0.005    -0.082     0.008    -0.081    -0.005    -0.047    -0.023     0.024    -0.016     0.006    -0.011     0.017    -0.112    -0.055    -0.025     0.016     0.003     0.007    -0.013    -0.022
-9.400     0.314    -0.161    -0.021    -0.120     0.055    -0.128     0.099    -0.226     0.046    -0.116    -0.028    -0.033     0.005    -0.082     0.023    -0.075     0.013    -0.016    -0.025     0.027    -0.015     0.011    -0.007     0.036     0.021    -0.007    -0.028    -0.000    -0.007    -0.002    -0.029     0.011
-9.300     0.068    -0.209     0.036    -0.129     0.062    -0.123     0.212     0.031    -0.027    -0.065    -0.020    -0.042     0.012    -0.088     0.011    -0.116     0.055    -0.026    -0.028     0.035    -0.017     0.015    -0.013     0.029     0.002     0.022    -0.039     0.024    -0.003     0.010    -0.040     0.043
-9.200    -0.097    -0.144     0.040    -0.046     0.057    -0.182     0.030    -0.199     0.004    -0.112    -0.019    -0.024     0.009    -0.076     0.005    -0.120     0.030     0.069    -0.028     0.038    -0.015     0.018    -0.005     0.029     0.002     0.157    -0.010     0.026    -0.004     0.006     0.011     0.065
-9.100     0.006    -0.173    -0.000    -0.050    -0.004    -0.127     0.095     0.079     0.007    -0.002    -0.015    -0.040     0.014    -0.080     0.022    -0.087    -0.007     0.095    -0.023     0.034    -0.016     0.017     0.004     0.013     0.024     0.055    -0.035     0.035    -0.006     0.008     0.022     0.020
-9.000    -0.095     0.173    -0.009    -0.020     0.047    -0.126    -0.049    -0.089     0.030    -0.070    -0.012    -0.038     0.007    -0.082     0.054    -0.110     0.045     0.075    -0.032     0.040    -0.015     0.015     0.005     0.011     0.040    -0.083    -0.027     0.042    -0.003     0.006    -0.022     0.002
-8.900    -0.133    -0.509    -0.057    -0.038     0.040    -0.139     0.064    -0.154    -0.029    -0.062    -0.017    -0.017     0.007    -0.083     0.036    -0.105     0.001     0.110    -0.026     0.046    -0.014     0.015     0.004    -0.001     0.061     0.169    -0.028     0.024    -0.012     0.003    -0.001     0.057
-8.800    -0.017     0.016    -0.007    -0.076     0.046    -0.118     0.176    -0.273     0.010    -0.007    -0.022    -0.029     0.012    -0.077     0.031    -0.077     0.028     0.125    -0.029     0.045    -0.011     0.016     0.010     0.023    -0.032     0.008    -0.030     0.018    -0.011    -0.013    -0.005    -0.004
-8.700    -0.042    -0.147     0.018    -0.054     0.002    -0.052    -0.028    -0.083    -0.024    -0.025    -0.013    -0.030     0.020    -0.072     0.038    -0.055     0.038     0.099    -0.034     0.049    -0.014     0.012     0.007     0.016     0.085     0.190    -0.029     0.038    -0.004     0.013    -0.022     0.023
-8.600    -0.082    -0.104    -0.004    -0.046     0.088    -0.052     0.182    -0.151     0.005    -0.040    -0.007    -0.027     0.014    -0.089     0.049    -0.109     0.034     0.069    -0.038     0.043    -0.018     0.009     0.002     0.023     0.024     0.017    -0.033     0.046    -0.016     0.013     0.003     0.003
-8.500     0.023     0.114    -0.030    -0.072     0.034    -0.101     0.174    -0.158     0.023     0.004    -0.010    -0.004     0.013    -0.075     0.055    -0.112     0.051     0.081    -0.032     0.049    -0.017     0.009     0.004     0.017    -0.016     0.087    -0.029     0.027    -0.025    -0.011     0.002     0.004
-8.400     0.068    -0.029     0.006    -0.046     0.079    -0.163     0.066    -0.231     0.051     0.021    -0.017    -0.021     0.008    -0.068     0.057    -0.088     0.021     0.049    -0.034     0.048    -0.021     0.006    -0.004     0.010    -0.037     0.171    -0.023     0.041    -0.008     0.021    -0.004     0.002
-8.300     0.264     0.193     0.035    -0.081     0.072    -0.129     0.254    -0.323    -0.003     0.002    -0.022    -0.031     0.003    -0.079     0.055    -0.106     0.041     0.056    -0.030     0.045    -0.021     0.007    -0.002     0.021     0.149    -0.013    -0.015     0.015    -0.018     0.005     0.020     0.015
-8.200     0.096    -0.105     0.013    -0.079     0.033    -0.062     0.062    -0.193     0.010    -0.022    -0.023    -0.027     0.013    -0.077     0.054    -0.099     0.017     0.061    -0.029     0.046    -0.019     0.009    -0.004     0.005     0.089     0.201    -0.026     0.058    -0.007     0.013    -0.026    -0.010
-8.100    -0.004    -0.010     0.005    -0.020     0.085    -0.171     0.024    -0.205    -0.015     0.004    -0.022    -0.038     0.017    -0.073     0.041    -0.100     0.043     0.076    -0.026     0.039    -0.015     0.011     0.003     0.010     0.065     0.087    -0.019     0.019     0.001     0.014     0.018     0.048
-8.000     0.049    -0.040     0.015    -0.033     0.084    -0.005     0.136    -0.345    -0.028     0.019    -0.025    -0.035     0.016    -0.076     0.037    -0.125     0.011     0.091    -0.029     0.050    -0.018     0.019     0.007     0.003     0.025     0.032    -0.006     0.079    -0.000     0.028     0.003     0.024
-7.900     0.067     0.147     0.032    -0.049     0.091    -0.077     0.183    -0.211    -0.009    -0.018    -0.019    -0.041     0.014    -0.066     0.069    -0.152     0.050     0.064    -0.034     0.056    -0.021     0.014    -0.002     0.013     0.016    -0.100     0.000     0.026    -0.001     0.022    -0.012    -0.020
-7.800     0.107    -0.218     0.033    -0.006     0.081    -0.086     0.069    -0.257    -0.002    -0.029    -0.017    -0.029     0.018    -0.091     0.066    -0.112     0.052     0.053    -0.031     0.050    -0.017     0.018     0.006     0.008     0.022    -0.081    -0.008     0.036    -0.004     0.014     0.034     0.016
-7.700     0.188     0.048     0.045    -0.041     0.078    -0.042     0.041    -0.198    -0.022    -0.054    -0.025    -0.034     0.029    -0.083     0.081    -0.095     0.040     0.041    -0.035     0.056    -0.020     0.017     0.005     0.011     0.044     0.114    -0.007     0.051    -0.015    -0.009     0.037     0.025
-7.600    -0.004    -0.094     0.055     0.018     0.075    -0.049     0.143    -0.120    -0.023     0.003    -0.027    -0.041     0.029    -0.073     0.066    -0.122     0.038     0.036    -0.042     0.046    -0.019     0.023     0.010     0.015    -0.014    -0.032    -0.018     0.056    -0.009     0.013    -0.016     0.048
-7.500    -0.009     0.103     0.000    -0.023     0.082    -0.002     0.102     0.113    -0.013    -0.081    -0.037    -0.038     0.035    -0.071     0.076    -0.100     0.019    -0.000    -0.044     0.061    -0.021     0.017     0.001     0.009     0.028     0.048    -0.022     0.025    -0.009    -0.003    -0.028     0.032
-7.400    -0.085     0.166     0.058    -0.006     0.101    -0.049     0.142     0.070    -0.030     0.062    -0.022    -0.037     0.029    -0.067     0.073    -0.080     0.021     0.039    -0.042     0.046    -0.017     0.020    -0.002     0.016     0.047    -0.055    -0.032     0.081    -0.007     0.001    -0.002     0.017
-7.300    -0.095     0.005     0.037    -0.013     0.117    -0.033     0.150     0.117    -0.043     0.048    -0.021    -0.024     0.039    -0.068     0.055    -0.104     0.045     0.076    -0.050     0.051    -0.016     0.018    -0.003     0.037     0.091     0.042    -0.028     0.035     0.002    -0.007    -0.019    -0.089
-7.200     0.107     0.441     0.021     0.077     0.101     0.039     0.221    -0.110    -0.031    -0.044    -0.015    -0.024     0.033    -0.077     0.074    -0.080     0.030     0.062    -0.050     0.056    -0.022     0.025     0.015     0.013     0.058    -0.059    -0.017     0.036    -0.022    -0.001    -0.041     0.084
-7.100     0.011     0.218     0.022     0.026     0.141    -0.004     0.270    -0.031    -0.050     0.077    -0.024    -0.021     0.041    -0.065     0.069    -0.086     0.040     0.019    -0.045     0.053    -0.019     0.021     0.006     0.033     0.053     0.010    -0.037     0.025    -0.024     0.014    -0.011     0.066
-7.000    -0.150     0.061     0.022     0.012     0.121    -0.033     0.233    -0.022    -0.032    -0.044    -0.026    -0.023     0.036    -0.077     0.064    -0.076     0.017     0.033    -0.050     0.051    -0.017     0.018     0.005     0.021    -0.087    -0.027    -0.029     0.043    -0.005     0.018     0.029     0.026
-6.900    -0.154     0.072    -0.005     0.054     0.134     0.030     0.170    -0.113    -0.049     0.059    -0.026    -0.012     0.035    -0.072     0.082    -0.064    -0.018     0.053    -0.048     0.048    -0.012     0.014     0.002     0.028     0.075    -0.008    -0.043     0.029    -0.019     0.010     0.023     0.017
-6.800    -0.083     0.188     0.056     0.043     0.122     0.004     0.229     0.002    -0.022     0.038    -0.018    -0.026     0.045    -0.060     0.093    -0.079     0.007     0.045    -0.041     0.062    -0.019     0.014     0.002     0.014     0.140     0.135    -0.037     0.034    -0.007    -0.031    -0.001     0.015
-6.700    -0.051     0.223     0.051     0.029     0.139     0.038     0.248    -0.031    -0.021     0.070    -0.014    -0.015     0.045    -0.063     0.084    -0.096     0.005     0.098    -0.044     0.049    -0.015     0.022     0.010    -0.010     0.075     0.076    -0.022     0.016    -0.015     0.009    -0.008     0.036
-6.600    -0.055     0.194     0.055     0.082     0.127     0.068     0.129    -0.105    -0.021     0.040    -0.019    -0.006     0.046    -0.064     0.087    -0.093    -0.025     0.053    -0.042     0.053    -0.011     0.015     0.012     0.001    -0.001     0.084    -0.025     0.059    -0.021     0.010     0.017     0.024
-6.500     0.009     0.227     0.057     0.120     0.141     0.060     0.241    -0.020    -0.057     0.061    -0.022    -0.010     0.049    -0.069     0.108    -0.046    -0.016     0.095    -0.044     0.067    -0.002     0.025     0.029     0.017    -0.002    -0.104    -0.039     0.017    -0.006     0.002     0.027    -0.016
-6.400    -0.070     0.241     0.071     0.066     0.124     0.085     0.228     0.018    -0.043     0.058    -0.019    -0.037     0.056    -0.048     0.094    -0.066     0.003     0.054    -0.044     0.053    -0.008     0.011     0.032     0.022    -0.035    -0.012    -0.025     0.050    -0.004    -0.004     0.031    -0.019
-6.300    -0.083     0.121     0.053     0.098     0.162     0.092     0.222     0.055    -0.038     0.076    -0.019    -0.015     0.055    -0.041     0.080    -0.047    -0.031     0.051    -0.042     0.044    -0.009     0.023     0.027     0.020    -0.020    -0.090    -0.046    -0.004    -0.006     0.003     0.044     0.067
-6.200    -0.058     0.039     0.048     0.113     0.154     0.113     0.204     0.130    -0.053     0.070    -0.019    -0.013     0.052    -0.034     0.098    -0.052    -0.019     0.055    -0.049     0.038    -0.011     0.012     0.027     0.014    -0.001    -0.001    -0.035    -0.001    -0.000     0.004     0.008    -0.066
-6.100    -0.017     0.315     0.055     0.102     0.165     0.106     0.139     0.099    -0.017    -0.019    -0.018    -0.027     0.053    -0.029     0.106    -0.060     0.013     0.037    -0.040     0.044    -0.010     0.004     0.023    -0.011     0.044    -0.052     0.004     0.026    -0.012    -0.025    -0.002    -0.016
-6.000    -0.015     0.279     0.083     0.122     0.163     0.155     0.197     0.113    -0.042     0.097    -0.021    -0.014     0.058    -0.036     0.090    -0.050     0.038     0.042    -0.042     0.043    -0.005     0.001     0.027    -0.022     0.050    -0.093    -0.028     0.023    -0.011    -0.020     0.044    -0.015
-5.900     0.081     0.325     0.071     0.135     0.205     0.078     0.349    -0.071    -0.041     0.026    -0.020    -0.011     0.061    -0.022     0.092    -0.073     0.028     0.064    -0.045     0.052    -0.011     0.003     0.027    -0.015    -0.005     0.244    -0.049     0.026     0.010    -0.055    -0.013    -0.010
-5.800     0.055     0.064     0.077     0.118     0.201     0.133     0.206     0.099    -0.084     0.087    -0.006    -0.013     0.054    -0.040     0.091    -0.055     0.015     0.081    -0.054     0.038    -0.004    -0.001     0.032    -0.015     0.045     0.081    -0.036     0.016     0.011    -0.022     0.009    -0.053
-5.700    -0.043     0.072     0.089     0.119     0.181     0.132     0.260     0.063    -0.021    -0.010    -0.015    -0.002     0.064    -0.028     0.106    -0.007     0.034     0.049    -0.045     0.033     0.001     0.003     0.032    -0.012    -0.024     0.050    -0.016    -0.025    -0.013     0.016     0.017     0.030
-5.600    -0.132     0.102     0.069     0.102     0.208     0.121     0.270     0.097    -0.063    -0.020    -0.005     0.007     0.062    -0.021     0.106    -0.012    -0.008     0.036    -0.044     0.035    -0.002    -0.005     0.028     0.016     0.023    -0.028    -0.034     0.007     0.014    -0.019     0.033    -0.025
-5.500     0.024     0.131     0.096     0.153     0.195     0.139     0.211     0.111    -0.061     0.008    -0.010     0.019     0.055    -0.011     0.075    -0.018     0.030     0.072    -0.049     0.026    -0.007    -0.006     0.031     0.020     0.015    -0.039    -0.019     0.010    -0.013     0.023    -0.005    -0.100
-5.400    -0.065     0.106     0.077     0.147     0.197     0.145     0.209     0.091    -0.061     0.001    -0.015     0.014     0.063    -0.011     0.126    -0.001    -0.021     0.063    -0.043     0.047    -0.002     0.010     0.051     0.023     0.028    -0.105    -0.017    -0.028     0.009     0.010     0.045     0.023
-5.300    -0.065     0.184     0.103     0.119     0.164     0.094     0.174     0.059    -0.066     0.009    -0.009     0.017     0.063     0.001     0.111    -0.016     0.075     0.081    -0.049     0.037    -0.001     0.012     0.039     0.016    -0.004     0.046    -0.042    -0.024    -0.007     0.005     0.018    -0.073
-5.200     0.033     0.218     0.111     0.153     0.156     0.120     0.214     0.049    -0.069     0.078    -0.004     0.016     0.056     0.024     0.104     0.069     0.038     0.081    -0.049     0.024    -0.000     0.021     0.027     0.035    -0.011     0.062    -0.042     0.005    -0.002    -0.020     0.007     0.083
-5.100    -0.061     0.126     0.104     0.171     0.156     0.147     0.291     0.104    -0.075     0.016    -0.011     0.039     0.051     0.027     0.105     0.047    -0.000     0.082    -0.051     0.038    -0.004     0.022     0.021     0.020    -0.036    -0.172    -0.050    -0.067    -0.017    -0.023     0.025    -0.036
-5.000    -0.027     0.204     0.117     0.165     0.141     0.153     0.158     0.209    -0.083     0.087    -0.012     0.045     0.054     0.026     0.080     0.047    -0.001     0.139    -0.053     0.055    -0.002     0.022     0.024     0.035    -0.065    -0.022    -0.022     0.010     0.003     0.007     0.060    -0.096
-4.900     0.012     0.227     0.098     0.193     0.153     0.168     0.322     0.347    -0.112     0.038    -0.009     0.042     0.048     0.037     0.090     0.058     0.008     0.117    -0.060     0.052    -0.002     0.029     0.033     0.029    -0.038    -0.146    -0.037     0.004     0.042     0.045     0.033     0.051
-4.800    -0.085     0.266     0.093     0.186     0.146     0.178     0.262     0.270    -0.102     0.074    -0.019     0.053     0.044     0.040     0.097     0.043    -0.015     0.081    -0.056     0.062    -0.003     0.022     0.031     0.018    -0.023    -0.076    -0.031     0.015     0.020     0.022     0.041     0.009
-4.700    -0.005     0.259     0.079     0.205     0.157     0.172     0.192     0.235    -0.113    -0.000    -0.017     0.066     0.046     0.044     0.109     0.039    -0.007     0.065    -0.050     0.051     0.003     0.025     0.038     0.043    -0.027     0.122    -0.039     0.051     0.010     0.020     0.018     0.059
-4.600    -0.004     0.264     0.068     0.184     0.148     0.151     0.177     0.150    -0.081     0.088    -0.019     0.073     0.035     0.043     0.070     0.086    -0.021     0.051    -0.057     0.069    -0.000     0.024     0.055     0.059    -0.111    -0.071    -0.027     0.018    -0.009     0.002     0.065    -0.013
-4.500    -0.074     0.175     0.042     0.190     0.124     0.146     0.213     0.253    -0.084     0.077    -0.022     0.088     0.036     0.041     0.091     0.053    -0.007     0.079    -0.053     0.071     0.006     0.040     0.048     0.037    -0.075     0.066    -0.047     0.007     0.017     0.018     0.055     0.008
-4.400    -0.006     0.105     0.055     0.184     0.132     0.188     0.165     0.173    -0.110     0.047    -0.022     0.086     0.044     0.045     0.063     0.049    -0.033     0.091    -0.043     0.076    -0.003     0.038     0.051     0.045     0.020    -0.056    -0.051     0.051     0.007    -0.009     0.044     0.046
-4.300    -0.058     0.232     0.030     0.194     0.127     0.167     0.141     0.186    -0.098     0.052    -0.014     0.091     0.039     0.057     0.119     0.091    -0.012     0.004    -0.050     0.087     0.001     0.050     0.055     0.053    -0.028     0.004    -0.025     0.014     0.005     0.001     0.039     0.043
-4.200    -0.053     0.114     0.058     0.207     0.107     0.213     0.196     0.146    -0.104     0.101    -0.020     0.091     0.041     0.060     0.106     0.122    -0.071     0.117    -0.042     0.097     0.004     0.067     0.056     0.082    -0.075    -0.037    -0.032    -0.011    -0.030     0.050     0.078     0.015
-4.100    -0.020     0.086     0.054     0.206     0.098     0.187     0.179     0.230    -0.080     0.064    -0.018     0.112     0.034     0.076     0.098     0.085    -0.053     0.083    -0.042     0.091    -0.005     0.069     0.041     0.090    -0.004    -0.135     0.002     0.033     0.021     0.027     0.072     0.141
-4.000    -0.071     0.313     0.020     0.240     0.104     0.225     0.138     0.210    -0.132     0.068    -0.025     0.100     0.033     0.090     0.107     0.076    -0.073     0.131    -0.046     0.111     0.002     0.060     0.044     0.077    -0.149     0.032     0.006     0.024     0.002    -0.005    -0.040     0.016
-3.900    -0.066     0.222     0.039     0.240     0.079     0.221     0.071     0.215    -0.110     0.080    -0.018     0.107     0.026     0.085     0.078     0.150    -0.083     0.055    -0.041     0.105    -0.002     0.070     0.047     0.069    -0.156    -0.261    -0.034     0.008    -0.005     0.026     0.016    -0.088
-3.800    -0.060     0.193     0.018     0.251     0.077     0.226     0.175     0.231    -0.122     0.100    -0.013     0.110     0.018     0.096     0.078     0.107    -0.092     0.106    -0.044     0.101    -0.016     0.086     0.053     0.109    -0.207    -0.188    -0.080     0.047    -0.020     0.027    -0.015    -0.055
-3.700    -0.100     0.151     0.020     0.247     0.063     0.230     0.137     0.252    -0.116     0.030    -0.026     0.106     0.014     0.111     0.110     0.096    -0.134     0.030    -0.050     0.114    -0.006     0.072     0.059     0.111    -0.067     0.112    -0.060     0.074    -0.012     0.009     0.045    -0.033
-3.600    -0.032     0.170     0.002     0.256     0.060     0.230     0.190     0.279    -0.116     0.089    -0.032     0.101     0.014     0.116     0.106     0.149    -0.103     0.075    -0.061     0.101    -0.003     0.102     0.057     0.136    -0.079     0.114    -0.027     0.107     0.059     0.023     0.017    -0.007
-3.500    -0.029     0.259     0.003     0.247     0.065     0.224     0.052     0.118    -0.096     0.034    -0.029     0.108     0.013     0.124     0.090     0.160    -0.060     0.078    -0.058     0.112    -0.016     0.116     0.057     0.107    -0.124     0.098    -0.086     0.007    -0.028     0.011     0.007     0.121
-3.400    -0.078     0.241     0.026     0.244     0.058     0.248     0.120     0.242    -0.103     0.027    -0.040     0.111     0.017     0.139     0.109     0.164    -0.095    -0.005    -0.064     0.097    -0.012     0.116     0.036     0.090    -0.137     0.130    -0.070     0.090    -0.010     0.093    -0.049     0.017
-3.300    -0.066     0.194     0.007     0.252     0.055     0.236     0.037     0.213    -0.126     0.119    -0.045     0.110     0.014     0.136     0.148     0.156    -0.132     0.021    -0.066     0.115    -0.014     0.124     0.027     0.100    -0.135     0.185    -0.090     0.095     0.014     0.048     0.017     0.206
-3.200    -0.091     0.313     0.003     0.252     0.051     0.260     0.105     0.245    -0.132     0.059    -0.047     0.103     0.019     0.137     0.088     0.171    -0.127     0.062    -0.058     0.123    -0.022     0.130     0.066     0.096    -0.235     0.059    -0.020     0.028    -0.013     0.070     0.020     0.135
-3.100    -0.060     0.296     0.010     0.236     0.065     0.244     0.112     0.182    -0.109     0.030    -0.043     0.108     0.015     0.126     0.112     0.196    -0.157    -0.059    -0.065     0.117    -0.031     0.130     0.012     0.092    -0.168     0.136    -0.022     0.003    -0.029     0.042     0.074    -0.171
-3.000    -0.076     0.211     0.007     0.241     0.070     0.240     0.065     0.264    -0.112     0.066    -0.042     0.093     0.017     0.132     0.095     0.207    -0.142     0.156    -0.074     0.143    -0.037     0.153     0.044     0.100    -0.132     0.074    -0.025     0.051     0.017     0.076    -0.077     0.011
-2.900    -0.059     0.230     0.008     0.230     0.065     0.227     0.124     0.201    -0.135     0.112    -0.047     0.108     0.021     0.135     0.103     0.215    -0.132     0.149    -0.078     0.166    -0.036     0.163     0.037     0.181    -0.136    -0.054    -0.041     0.088    -0.064     0.042     0.052    -0.172
-2.800    -0.034     0.192     0.017     0.219     0.061     0.221     0.019     0.200    -0.139     0.037    -0.050     0.106     0.015     0.137     0.124     0.220    -0.181     0.042    -0.082     0.161    -0.046     0.164     0.011     0.131    -0.222     0.319    -0.049     0.123    -0.040     0.083    -0.067    -0.071
-2.700    -0.002     0.225     0.013     0.219     0.075     0.181     0.162     0.231    -0.150     0.045    -0.055     0.117     0.005     0.124     0.089     0.220    -0.182     0.050    -0.089     0.153    -0.044     0.172     0.009     0.132    -0.094     0.074    -0.077     0.036    -0.021     0.110    -0.049     0.124
-2.600     0.016     0.162     0.003     0.195     0.052     0.181     0.193     0.032    -0.133     0.024    -0.058     0.123     0.011     0.120     0.072     0.192    -0.130     0.084    -0.086     0.181    -0.060     0.195     0.006     0.183    -0.032    -0.187    -0.077     0.232    -0.094     0.061    -0.084     0.139
-2.500     0.028     0.218    -0.005     0.209     0.047     0.191     0.112     0.104    -0.133     0.073    -0.067     0.133     0.007     0.117     0.053     0.144    -0.155     0.077    -0.076     0.179    -0.038     0.181     0.005     0.178    -0.107     0.108    -0.058     0.162    -0.045     0.106    -0.178     0.337
-2.400    -0.026     0.197    -0.015     0.226     0.051     0.188     0.168     0.124    -0.122     0.009    -0.055     0.147    -0.004     0.139     0.107     0.127    -0.152     0.044    -0.087     0.216    -0.059     0.176     0.042     0.187    -0.098     0.437    -0.041     0.134     0.038     0.025    -0.057     0.249
-2.300     0.008     0.131    -0.007     0.196     0.064     0.186     0.145     0.179    -0.148     0.054    -0.067     0.141    -0.016     0.143     0.084     0.157    -0.096     0.133    -0.089     0.222    -0.057     0.196     0.021     0.152     0.020     0.222    -0.084     0.194     0.040     0.108    -0.140    -0.211
-2.200     0.000     0.119    -0.008     0.211     0.059     0.167     0.212     0.308    -0.148     0.009    -0.086     0.154    -0.017     0.123     0.073     0.176    -0.067     0.140    -0.075     0.249    -0.076     0.204     0.035     0.144    -0.031    -0.043    -0.030     0.297    -0.032     0.057    -0.119     0.274
-2.100    -0.031     0.141    -0.016     0.209     0.058     0.131     0.069     0.040    -0.152     0.049    -0.072     0.137    -0.015     0.120     0.065     0.238    -0.112     0.204    -0.085     0.270    -0.074     0.235    -0.030     0.206    -0.318     0.193    -0.102     0.116    -0.134    -0.022    -0.079     0.105
-2.000    -0.019     0.115    -0.011     0.207     0.070     0.129     0.108     0.068    -0.165    -0.017    -0.074     0.128    -0.015     0.123     0.064     0.219    -0.078     0.223    -0.108     0.280    -0.071     0.230     0.001     0.234    -0.009    -0.124    -0.135     0.218    -0.068     0.261    -0.033    -0.044
-1.900    -0.019     0.109    -0.021     0.190     0.044     0.124     0.088     0.058    -0.136     0.031    -0.074     0.132    -0.023     0.130     0.047     0.162     0.017     0.088    -0.100     0.269    -0.060     0.247     0.009     0.189    -0.244     0.189    -0.141     0.289    -0.056     0.235     0.136    -0.043
-1.800    -0.088     0.108    -0.027     0.188     0.046     0.139     0.016     0.144    -0.123     0.048    -0.071     0.139    -0.021     0.132     0.087     0.159    -0.098     0.188    -0.100     0.296    -0.074     0.234     0.067     0.214    -0.163     0.180    -0.181     0.215    -0.044     0.203    -0.004     0.221
-1.700    -0.044     0.119    -0.023     0.172     0.046     0.143     0.159     0.331    -0.138     0.050    -0.069     0.120    -0.019     0.131     0.060     0.191    -0.110     0.157    -0.110     0.280    -0.064     0.236     0.021     0.214     0.125     0.164    -0.061     0.235    -0.096     0.131     0.241    -0.179
-1.600    -0.061     0.173    -0.007     0.184     0.058     0.163     0.098     0.130    -0.139    -0.018    -0.078     0.103    -0.022     0.146     0.055     0.160    -0.117     0.195    -0.131     0.240    -0.064     0.248     0.034     0.206    -0.063     0.389    -0.131     0.159    -0.155     0.186     0.089     0.089
-1.500    -0.073     0.120    -0.015     0.180     0.071     0.168     0.123     0.065    -0.103     0.045    -0.074     0.135    -0.027     0.135     0.080     0.148    -0.098     0.196    -0.113     0.251    -0.057     0.241     0.003     0.290    -0.500    -0.918    -0.142     0.206    -0.105     0.141    -0.038    -0.091
-1.400    -0.069     0.155    -0.004     0.195     0.070     0.151     0.073     0.127    -0.100     0.010    -0.067     0.109    -0.024     0.122     0.079     0.128    -0.133     0.253    -0.122     0.270    -0.069     0.296     0.020     0.351     0.325     0.940    -0.102     0.157    -0.140     0.217    -0.046    -0.030
-1.300    -0.061     0.106    -0.009     0.190     0.067     0.142     0.154     0.206    -0.122     0.016    -0.079     0.110    -0.021     0.134     0.116     0.102    -0.214     0.283    -0.137     0.297    -0.078     0.296     0.009     0.432    -0.368     0.809    -0.114     0.149    -0.045     0.243    -0.127    -0.129
-1.200    -0.042     0.163    -0.015     0.169     0.092     0.137     0.175     0.006    -0.105    -0.005    -0.077     0.112    -0.017     0.098     0.049     0.093    -0.174     0.305    -0.140     0.312    -0.082     0.326     0.046     0.357     0.022     0.077    -0.166     0.200     0.046     0.357    -0.156    -0.038
-1.100    -0.043     0.095    -0.008     0.167     0.095     0.147     0.103     0.211    -0.129     0.036    -0.084     0.099    -0.021     0.102     0.135     0.209    -0.179     0.241    -0.142     0.324    -0.103     0.299     0.048     0.317    -0.244     0.074    -0.060     0.343    -0.051     0.423    -0.350     0.536
-1.000    -0.005     0.101     0.001     0.154     0.087     0.146     0.224     0.085    -0.111     0.004    -0.080     0.096    -0.026     0.096     0.074     0.125    -0.117     0.170    -0.139     0.314    -0.103     0.329     0.018     0.358       nan       nan    -0.204     0.147    -0.086     0.230    -0.334     0.082
-0.900    -0.035     0.116    -0.018     0.160     0.096     0.116     0.147     0.023    -0.115    -0.024    -0.091     0.078    -0.025     0.085     0.088     0.164    -0.139     0.109    -0.125     0.332    -0.082     0.266     0.081     0.092    -0.101     0.427    -0.217     0.203    -0.106     0.086    -0.100     0.068
-0.800    -0.057     0.116    -0.007     0.150     0.088     0.095     0.256     0.057    -0.133     0.033    -0.099     0.063    -0.008     0.094     0.040     0.112    -0.062     0.294    -0.147     0.327    -0.092     0.303    -0.048     0.350    -0.063     0.868    -0.164     0.309    -0.061     0.205    -0.434     0.553
-0.700    -0.068     0.162    -0.002     0.132     0.103     0.096     0.414     0.058    -0.109     0.030    -0.096     0.096    -0.015     0.104     0.038     0.213    -0.033     0.462    -0.137     0.272    -0.078     0.326     0.056     0.366     0.291     0.319    -0.029     0.318    -0.008     0.422    -0.421    -0.312
-0.600    -0.041     0.180    -0.002     0.136     0.089     0.072     0.160     0.040    -0.120     0.061    -0.099     0.095    -0.022     0.095     0.075     0.164    -0.085     0.341    -0.156     0.353    -0.050     0.329     0.071     0.361    -0.084    -0.460    -0.051     0.099    -0.212     0.317     0.012    -0.495
-0.500    -0.014     0.163     0.008     0.135     0.093     0.061     0.118     0.180    -0.123     0.085    -0.127     0.109    -0.000     0.061     0.041     0.326    -0.044     0.331    -0.174     0.343    -0.051     0.301     0.000     0.301       nan       nan    -0.209     0.293    -0.114     0.439    -0.296     0.374
-0.400    -0.066     0.207     0.010     0.123     0.072     0.061    -0.006     0.119    -0.063     0.039    -0.114     0.095    -0.007     0.042     0.022     0.075    -0.104     0.237    -0.143     0.336    -0.048     0.287     0.130     0.320    -0.349    -0.734    -0.286     0.155     0.060     0.354    -0.194     0.575
-0.300    -0.029     0.104     0.006     0.105     0.066     0.065    -0.016     0.273    -0.185    -0.015    -0.118     0.103     0.007    -0.000    -0.013     0.132    -0.138     0.355    -0.112     0.364    -0.060     0.299     0.034     0.218       nan       nan    -0.054     0.114    -0.035     0.427     0.027     0.902
-0.200    -0.047     0.193    -0.004     0.116     0.063     0.063     0.137    -0.052    -0.155     0.062    -0.132     0.066    -0.003    -0.008    -0.020    -0.034    -0.136     0.582    -0.141     0.423    -0.087     0.296     0.212     0.364    -0.100    -0.391    -0.180     0.349    -0.350     0.551       nan       nan
-0.100    -0.089     0.243    -0.002     0.114     0.061    -0.002     0.192    -0.193    -0.155     0.038    -0.141     0.008     0.009     0.013     0.006     0.017     0.011     0.502    -0.152     0.413    -0.084     0.293    -0.030     0.515    -0.385     0.883    -0.096     0.125    -0.170     0.645    -0.495    -0.794
0.000    -0.069     0.169    -0.015     0.105     0.046    -0.002     0.033     0.183    -0.067     0.018    -0.138     0.050    -0.015    -0.077     0.014    -0.103    -0.101     0.331    -0.161     0.498    -0.039     0.333     0.379     0.214    -0.500     0.373    -0.074     0.670    -0.234     0.405       nan       nan
0.100    -0.048     0.125    -0.012     0.119     0.053    -0.001     0.086     0.152    -0.144     0.064    -0.119     0.028     0.012    -0.071     0.129    -0.090     0.100     0.138    -0.120     0.440    -0.095     0.374     0.018     0.297       nan       nan    -0.007     0.538     0.085    -0.225       nan       nan
0.200    -0.067     0.187    -0.036     0.126     0.036    -0.021     0.038    -0.729    -0.137     0.043    -0.129     0.003    -0.012    -0.111    -0.016     0.108    -0.142     0.223    -0.166     0.486    -0.112     0.277     0.033     0.386       nan       nan     0.068     0.855    -0.228    -0.538     0.587    -0.051
0.300    -0.100     0.134    -0.046     0.107     0.067    -0.072    -0.037    -0.150    -0.185    -0.023    -0.137     0.030     0.005    -0.144     0.104     0.075    -0.051     0.316    -0.143     0.544    -0.150     0.338     0.146    -0.368       nan       nan     0.407     0.362    -0.016     0.098    -0.296     0.512
0.400    -0.094     0.206    -0.040     0.110     0.034    -0.043     0.159     0.882    -0.080     0.010    -0.108     0.028    -0.010    -0.111     0.061     0.188    -0.006     0.115    -0.164     0.526    -0.144     0.319    -0.092    -0.490       nan       nan       nan       nan     0.017     0.011       nan       nan
0.500    -0.053     0.131    -0.065     0.131     0.020    -0.047     0.423    -0.087    -0.133    -0.018    -0.126     0.021    -0.018    -0.153    -0.032    -0.260     0.275     0.157    -0.214     0.567    -0.048     0.102    -0.040    -0.203       nan       nan    -0.316     0.105    -0.216    -0.361       nan       nan
0.600    -0.058     0.194    -0.079     0.066     0.059    -0.053    -0.135    -0.042    -0.137    -0.017    -0.126     0.047     0.055     0.005     0.292     0.131     0.082    -0.291    -0.190     0.521    -0.074     0.170    -0.016    -0.590       nan       nan    -0.394    -0.569       nan       nan       nan       nan
0.700    -0.068     0.121    -0.061     0.076     0.022    -0.023    -0.023    -0.906    -0.134     0.010    -0.125     0.005     0.051    -0.054     0.207     0.078     0.085     0.011    -0.241     0.614    -0.157     0.229     0.339    -0.923       nan       nan    -0.426     0.114    -0.040     0.856       nan       nan
0.800    -0.075     0.213    -0.054     0.082     0.080    -0.131    -0.296    -0.936    -0.128     0.053    -0.142    -0.047     0.050    -0.064    -0.083    -0.055    -0.185     0.206    -0.235     0.473    -0.044     0.219       nan       nan       nan       nan    -0.237    -0.106       nan       nan       nan       nan
0.900    -0.072     0.122    -0.049     0.058     0.072    -0.041       nan       nan    -0.045    -0.021    -0.133    -0.039     0.032    -0.065     0.079    -0.157    -0.178     0.722    -0.264     0.457    -0.133     0.597       nan       nan       nan       nan    -0.232     0.846       nan       nan       nan       nan
1.000     0.029     0.172    -0.026     0.002     0.022    -0.134       nan       nan    -0.181    -0.042    -0.126    -0.077     0.018    -0.062     0.083     0.037     0.314     0.167    -0.271     0.541    -0.241     0.532    -0.331     0.849       nan       nan    -0.273     0.644    -0.498     0.809       nan       nan
1.100    -0.081     0.162    -0.014    -0.001     0.064    -0.192     0.007     0.116    -0.076    -0.038    -0.085    -0.091     0.051    -0.133    -0.218     0.219     0.210     0.284    -0.255     0.353    -0.339     0.368    -0.278    -0.489       nan       nan       nan       nan       nan       nan       nan       nan
1.200    -0.045     0.047    -0.043    -0.000     0.018    -0.132       nan       nan    -0.091     0.038    -0.164    -0.089    -0.007    -0.066    -0.029     0.176    -0.418     0.309    -0.269     0.394    -0.250     0.554    -0.235    -0.350       nan       nan    -0.408     0.599    -0.272     0.309       nan       nan
1.300    -0.055     0.045    -0.001    -0.019     0.069    -0.282       nan       nan     0.108     0.052    -0.140    -0.178     0.073    -0.091     0.277     0.075    -0.486     0.444    -0.196     0.129     0.087     0.454       nan       nan       nan       nan       nan       nan    -0.474     0.671       nan       nan
1.400     0.017     0.066    -0.015     0.045     0.093    -0.211    -0.446     0.724     0.005    -0.133    -0.145    -0.171     0.063    -0.113    -0.352     0.228    -0.265     0.021    -0.341     0.514    -0.392     0.033       nan       nan       nan       nan    -0.496     0.959    -0.500     0.760       nan       nan
1.500     0.049     0.082     0.023    -0.044     0.128    -0.124     0.253    -0.362     0.008     0.035    -0.086    -0.154     0.088    -0.221    -0.066    -0.544    -0.487     0.998    -0.155     0.488    -0.282     0.765       nan       nan       nan       nan       nan       nan       nan       nan       nan       nan
1.600     0.017    -0.084    -0.004    -0.009     0.070    -0.276       nan       nan     0.047     0.114    -0.107    -0.167     0.049    -0.129     0.203    -0.719       nan       nan    -0.179     0.355       nan       nan       nan       nan       nan       nan       nan       nan       nan       nan       nan       nan
1.700     0.067     0.025     0.008    -0.004     0.099    -0.148       nan       nan     0.046    -0.039    -0.146    -0.103     0.077    -0.297       nan       nan    -0.456    -0.767    -0.271     0.530       nan       nan    -0.464     0.898       nan       nan       nan       nan       nan       nan       nan       nan
1.800     0.027     0.056     0.027    -0.029     0.150    -0.212       nan       nan    -0.053    -0.059    -0.117    -0.247     0.007    -0.319       nan       nan     0.573     0.493     0.513     0.208       nan       nan       nan       nan       nan       nan       nan       nan       nan       nan       nan       nan
1.900     0.073     0.011     0.030    -0.003     0.232    -0.056       nan       nan    -0.069    -0.144    -0.144    -0.146    -0.010    -0.161       nan       nan       nan       nan    -0.364     0.366    -0.120     0.345       nan       nan       nan       nan       nan       nan       nan       nan       nan       nan
2.000     0.057     0.150    -0.006    -0.037     0.076     0.081       nan       nan    -0.047    -0.141    -0.150    -0.203    -0.058    -0.291    -0.394    -0.177       nan       nan     0.091     0.059       nan       nan       nan       nan       nan       nan       nan       nan       nan       nan       nan       nan
2.100     0.044     0.199     0.048     0.002     0.137     0.078       nan       nan    -0.065    -0.144    -0.148    -0.180    -0.139    -0.376       nan       nan       nan       nan    -0.222     0.739       nan       nan       nan       nan       nan       nan    -0.457    -0.941       nan       nan       nan       nan
2.200     0.181    -0.037     0.119     0.020     0.167    -0.138       nan       nan    -0.074    -0.092    -0.247    -0.060    -0.217    -0.235       nan       nan    -0.124     0.464    -0.480     0.172       nan       nan       nan       nan       nan       nan       nan       nan       nan       nan       nan       nan
2.300     0.130     0.049     0.078    -0.055     0.073     0.032       nan       nan    -0.117    -0.222    -0.218    -0.198    -0.119    -0.115       nan       nan    -0.458     0.312    -0.496     0.943       nan       nan       nan       nan       nan       nan       nan       nan       nan       nan       nan       nan
2.400     0.218    -0.062     0.083    -0.041     0.204     0.092       nan       nan    -0.132    -0.203    -0.193    -0.090     0.066    -0.090       nan       nan    -0.472     0.984    -0.413     0.747       nan       nan       nan       nan       nan       nan       nan       nan       nan       nan       nan       nan
2.500     0.135     0.248     0.103    -0.043     0.232     0.134       nan       nan    -0.118    -0.260    -0.152    -0.009    -0.062    -0.647       nan       nan       nan       nan    -0.438    -0.085    -0.466    -0.319       nan       nan       nan       nan       nan       nan       nan       nan       nan       nan
2.600     0.117     0.076     0.078    -0.125     0.131    -0.402       nan       nan    -0.190    -0.321    -0.160    -0.105     0.167    -0.616       nan       nan       nan       nan    -0.254     0.175       nan       nan       nan       nan       nan       nan       nan       nan       nan       nan       nan       nan
2.700     0.277     0.110     0.113     0.100    -0.120    -0.100       nan       nan    -0.157    -0.316    -0.180     0.118     0.057    -0.994       nan       nan       nan       nan    -0.439     0.601       nan       nan       nan       nan       nan       nan       nan       nan       nan       nan       nan       nan
2.800     0.338    -0.009     0.053    -0.064     0.095     0.211       nan       nan    -0.253    -0.445    -0.050    -0.169    -0.168    -0.338       nan       nan       nan       nan       nan       nan    -0.180    -0.009       nan       nan       nan       nan       nan       nan       nan       nan       nan       nan
2.900     0.306    -0.016    -0.009    -0.016    -0.008    -0.161       nan       nan    -0.273    -0.389     0.048    -0.350    -0.240    -0.998       nan       nan       nan       nan       nan       nan       nan       nan       nan       nan       nan       nan       nan       nan       nan       nan       nan       nan
3.000     0.207    -0.112    -0.028    -0.161     0.145     0.452       nan       nan    -0.311    -0.577    -0.026    -0.051       nan       nan       nan       nan       nan       nan     0.222     0.201       nan       nan       nan       nan       nan       nan       nan       nan       nan       nan       nan       nan
3.100     0.111    -0.023     0.050    -0.031     0.341    -0.320       nan       nan    -0.256    -0.562     0.021    -0.976       nan       nan       nan       nan       nan       nan       nan       nan       nan       nan       nan       nan       nan       nan       nan       nan       nan       nan       nan       nan
3.200     0.304    -0.238    -0.051    -0.054     0.040    -0.153       nan       nan    -0.205    -0.449    -0.219    -0.429       nan       nan       nan       nan       nan       nan       nan       nan       nan       nan       nan       nan       nan       nan       nan       nan       nan       nan       nan       nan
3.300     0.199    -0.029    -0.039    -0.074    -0.058    -0.634       nan       nan    -0.352    -0.485    -0.044    -0.803       nan       nan       nan       nan       nan       nan       nan       nan       nan       nan       nan       nan       nan       nan       nan       nan       nan       nan       nan       nan
3.400     0.397    -0.023     0.009     0.105    -0.098    -0.732       nan       nan    -0.397     0.439       nan       nan       nan       nan       nan       nan       nan       nan       nan       nan       nan       nan       nan       nan       nan       nan       nan       nan       nan       nan       nan       nan
3.500     0.496    -0.085     0.223    -0.231       nan       nan       nan       nan       nan       nan       nan       nan       nan       nan       nan       nan       nan       nan       nan       nan       nan       nan       nan       nan       nan       nan       nan       nan       nan       nan       nan       nan
3.600     0.661    -0.043     0.007    -0.437       nan       nan       nan       nan       nan       nan       nan       nan       nan       nan       nan       nan       nan       nan       nan       nan       nan       nan       nan       nan       nan       nan       nan       nan       nan       nan       nan       nan
3.700       nan       nan     0.150    -0.108       nan       nan       nan       nan       nan       nan       nan       nan       nan       nan       nan       nan       nan       nan       nan       nan       nan       nan       nan       nan       nan       nan       nan       nan       nan       nan       nan       nan
3.800    -0.351     0.941     0.345    -0.340       nan       nan       nan       nan       nan       nan       nan       nan       nan       nan       nan       nan       nan       nan       nan       nan       nan       nan       nan       nan       nan       nan       nan       nan       nan       nan       nan       nan
3.900    -0.453     0.886     0.109     0.093       nan       nan       nan       nan       nan       nan       nan       nan       nan       nan       nan       nan       nan       nan       nan       nan       nan       nan       nan       nan       nan       nan       nan       nan       nan       nan       nan       nan
4.000       nan       nan     0.610    -0.310       nan       nan       nan       nan       nan       nan       nan       nan       nan       nan       nan       nan       nan       nan       nan       nan       nan       nan       nan       nan       nan       nan       nan       nan       nan       nan       nan       nan
4.200       nan       nan     0.628     0.084       nan       nan       nan       nan       nan       nan       nan       nan       nan       nan       nan       nan       nan       nan       nan       nan       nan       nan       nan       nan       nan       nan       nan       nan       nan       nan       nan       nan
4.300       nan       nan     0.295    -0.092       nan       nan       nan       nan       nan       nan       nan       nan       nan       nan       nan       nan       nan       nan       nan       nan       nan       nan       nan       nan       nan       nan       nan       nan       nan       nan       nan       nan
4.400       nan       nan     0.056     0.595       nan       nan       nan       nan       nan       nan       nan       nan       nan       nan       nan       nan       nan       nan       nan       nan       nan       nan       nan       nan       nan       nan       nan       nan       nan       nan       nan       nan
