   -19.000    -0.004     0.002
   -18.900    -0.002     0.003
   -18.800    -0.003     0.003
   -18.700    -0.002     0.005
   -18.600    -0.003     0.005
   -18.500    -0.001     0.003
   -18.400    -0.002     0.002
   -18.300     0.000     0.002
   -18.200     0.000     0.002
   -18.100    -0.000     0.002
   -18.000    -0.000     0.004
   -17.900     0.000     0.002
   -17.800     0.000     0.002
   -17.700    -0.001    -0.000
   -17.600    -0.001     0.000
   -17.500    -0.001    -0.000
   -17.400    -0.001    -0.002
   -17.300    -0.001    -0.000
   -17.200    -0.002    -0.003
   -17.100    -0.001     0.000
   -17.000    -0.000    -0.002
   -16.900    -0.001    -0.002
   -16.800    -0.001    -0.005
   -16.700    -0.000    -0.005
   -16.600    -0.002    -0.005
   -16.500    -0.001    -0.005
   -16.400    -0.001    -0.007
   -16.300    -0.002    -0.007
   -16.200    -0.002    -0.008
   -16.100    -0.002    -0.009
   -16.000    -0.002    -0.007
   -15.900    -0.001    -0.006
   -15.800    -0.003    -0.008
   -15.700    -0.002    -0.007
   -15.600    -0.000    -0.007
   -15.500    -0.001    -0.010
   -15.400    -0.001    -0.009
   -15.300    -0.001    -0.008
   -15.200    -0.001    -0.006
   -15.100     0.001    -0.005
   -15.000     0.000    -0.007
   -14.900     0.001    -0.006
   -14.800     0.001    -0.005
   -14.700     0.001    -0.005
   -14.600     0.002    -0.005
   -14.500     0.001    -0.006
   -14.400     0.002    -0.006
   -14.300     0.002    -0.003
   -14.200     0.002    -0.002
   -14.100     0.002    -0.002
   -14.000     0.002    -0.003
   -13.900     0.002    -0.002
   -13.800     0.001    -0.004
   -13.700    -0.000    -0.006
   -13.600    -0.000    -0.005
   -13.500    -0.002    -0.003
   -13.400    -0.003    -0.004
   -13.300    -0.004    -0.005
   -13.200    -0.005    -0.004
   -13.100    -0.005    -0.007
   -13.000    -0.005    -0.008
   -12.900    -0.005    -0.009
   -12.800    -0.005    -0.010
   -12.700    -0.004    -0.011
   -12.600    -0.006    -0.011
   -12.500    -0.004    -0.012
   -12.400    -0.005    -0.011
   -12.300    -0.005    -0.011
   -12.200    -0.004    -0.013
   -12.100    -0.005    -0.013
   -12.000    -0.006    -0.013
   -11.900    -0.004    -0.012
   -11.800    -0.006    -0.013
   -11.700    -0.006    -0.011
   -11.600    -0.008    -0.013
   -11.500    -0.008    -0.013
   -11.400    -0.008    -0.012
   -11.300    -0.008    -0.011
   -11.200    -0.009    -0.012
   -11.100    -0.008    -0.010
   -11.000    -0.007    -0.012
   -10.900    -0.008    -0.012
   -10.800    -0.006    -0.010
   -10.700    -0.005    -0.014
   -10.600    -0.006    -0.014
   -10.500    -0.006    -0.014
   -10.400    -0.004    -0.014
   -10.300    -0.006    -0.016
   -10.200    -0.004    -0.017
   -10.100    -0.003    -0.018
   -10.000    -0.001    -0.018
    -9.900    -0.000    -0.018
    -9.800    -0.001    -0.018
    -9.700    -0.000    -0.018
    -9.600     0.001    -0.021
    -9.500     0.002    -0.022
    -9.400     0.002    -0.022
    -9.300     0.001    -0.022
    -9.200     0.002    -0.025
    -9.100     0.003    -0.026
    -9.000     0.002    -0.024
    -8.900     0.002    -0.023
    -8.800     0.002    -0.024
    -8.700     0.001    -0.023
    -8.600     0.002    -0.025
    -8.500     0.001    -0.023
    -8.400     0.001    -0.023
    -8.300     0.001    -0.024
    -8.200     0.001    -0.024
    -8.100    -0.001    -0.023
    -8.000     0.001    -0.020
    -7.900     0.001    -0.019
    -7.800     0.001    -0.019
    -7.700    -0.000    -0.017
    -7.600    -0.001    -0.016
    -7.500    -0.002    -0.014
    -7.400    -0.003    -0.012
    -7.300    -0.004    -0.007
    -7.200    -0.004    -0.005
    -7.100    -0.005    -0.003
    -7.000    -0.005     0.001
    -6.900    -0.006     0.004
    -6.800    -0.008     0.007
    -6.700    -0.009     0.009
    -6.600    -0.012     0.012
    -6.500    -0.014     0.018
    -6.400    -0.015     0.023
    -6.300    -0.015     0.030
    -6.200    -0.017     0.034
    -6.100    -0.020     0.040
    -6.000    -0.023     0.046
    -5.900    -0.024     0.050
    -5.800    -0.026     0.057
    -5.700    -0.027     0.064
    -5.600    -0.029     0.069
    -5.500    -0.033     0.073
    -5.400    -0.035     0.076
    -5.300    -0.038     0.082
    -5.200    -0.040     0.088
    -5.100    -0.042     0.092
    -5.000    -0.045     0.097
    -4.900    -0.048     0.101
    -4.800    -0.050     0.104
    -4.700    -0.053     0.107
    -4.600    -0.053     0.109
    -4.500    -0.056     0.114
    -4.400    -0.057     0.113
    -4.300    -0.060     0.117
    -4.200    -0.062     0.116
    -4.100    -0.063     0.118
    -4.000    -0.064     0.117
    -3.900    -0.065     0.118
    -3.800    -0.065     0.115
    -3.700    -0.066     0.116
    -3.600    -0.065     0.111
    -3.500    -0.065     0.110
    -3.400    -0.065     0.109
    -3.300    -0.066     0.107
    -3.200    -0.066     0.104
    -3.100    -0.066     0.101
    -3.000    -0.066     0.102
    -2.900    -0.064     0.102
    -2.800    -0.064     0.099
    -2.700    -0.063     0.097
    -2.600    -0.064     0.096
    -2.500    -0.064     0.096
    -2.400    -0.064     0.095
    -2.300    -0.065     0.098
    -2.200    -0.066     0.102
    -2.100    -0.070     0.099
    -2.000    -0.072     0.105
    -1.900    -0.073     0.110
    -1.800    -0.076     0.116
    -1.700    -0.077     0.126
    -1.600    -0.082     0.129
    -1.500    -0.084     0.137
    -1.400    -0.089     0.141
    -1.300    -0.091     0.147
    -1.200    -0.094     0.154
    -1.100    -0.098     0.162
    -1.000    -0.102     0.167
    -0.900    -0.106     0.175
    -0.800    -0.110     0.178
    -0.700    -0.112     0.185
    -0.600    -0.117     0.190
    -0.500    -0.120     0.194
    -0.400    -0.124     0.200
    -0.300    -0.126     0.203
    -0.200    -0.127     0.207
    -0.100    -0.131     0.209
     0.000    -0.134     0.215
     0.100    -0.135     0.220
     0.200    -0.138     0.221
     0.300    -0.140     0.222
     0.400    -0.143     0.223
     0.500    -0.145     0.226
     0.600    -0.147     0.223
     0.700    -0.148     0.223
     0.800    -0.151     0.222
     0.900    -0.154     0.221
     1.000    -0.157     0.218
     1.100    -0.160     0.215
     1.200    -0.162     0.215
     1.300    -0.165     0.211
     1.400    -0.166     0.204
     1.500    -0.169     0.202
     1.600    -0.170     0.197
     1.700    -0.172     0.195
     1.800    -0.171     0.192
     1.900    -0.174     0.189
     2.000    -0.175     0.186
     2.100    -0.177     0.182
     2.200    -0.180     0.180
     2.300    -0.181     0.174
     2.400    -0.181     0.170
     2.500    -0.181     0.165
     2.600    -0.180     0.164
     2.700    -0.180     0.159
     2.800    -0.181     0.152
     2.900    -0.183     0.149
     3.000    -0.184     0.143
     3.100    -0.184     0.141
     3.200    -0.189     0.137
     3.300    -0.187     0.142
     3.400    -0.189     0.136
     3.500    -0.192     0.145
     3.600    -0.190     0.139
     3.700    -0.190     0.140
     3.800    -0.192     0.140
     3.900    -0.195     0.135
     4.000    -0.196     0.137
     4.100    -0.200     0.138
     4.200    -0.200     0.138
     4.300    -0.197     0.118
     4.400    -0.198     0.109
     4.500    -0.202     0.101
     4.600    -0.193     0.081
     4.700    -0.193     0.068
     4.800    -0.188     0.048
     4.900    -0.190     0.029
     5.000    -0.186     0.005
     5.100    -0.192     0.003
     5.200    -0.187    -0.030
     5.300    -0.185    -0.033
     5.400    -0.186    -0.058
     5.500    -0.180    -0.062
     5.600    -0.179    -0.091
     5.700    -0.183    -0.109
     5.800    -0.179    -0.131
     5.900    -0.178    -0.149
     6.000    -0.178    -0.163
     6.100    -0.187    -0.166
     6.200    -0.173    -0.192
     6.300    -0.178    -0.185
     6.400    -0.165    -0.201
     6.500    -0.155    -0.212
     6.600    -0.154    -0.187
     6.700    -0.162    -0.185
     6.800    -0.163    -0.158
     6.900    -0.167    -0.187
     7.000    -0.141    -0.211
     7.100    -0.161    -0.167
     7.200    -0.154    -0.199
     7.300    -0.117    -0.196
     7.400    -0.153    -0.190
     7.500    -0.181    -0.287
     7.600    -0.121    -0.167
     7.700    -0.159    -0.150
     7.800    -0.114    -0.235
     7.900    -0.150    -0.247
     8.000    -0.159    -0.256
     8.100    -0.168    -0.212
     8.200    -0.135    -0.297
     8.300    -0.180    -0.247
     8.400    -0.053    -0.275
     8.500    -0.143    -0.300
     8.600    -0.069    -0.355
     8.700    -0.080    -0.327
     8.800     0.079    -0.334
     8.900    -0.064    -0.355
     9.000    -0.115    -0.472
     9.100    -0.055    -0.245
     9.200    -0.097    -0.388
     9.300     0.031    -0.367
     9.400    -0.257    -0.388
     9.500    -0.114    -0.109
     9.600    -0.246    -0.378
     9.700    -0.029    -0.537
     9.800    -0.327    -0.410
     9.900     0.003    -0.187
    10.000    -0.123     0.190
    10.100    -0.187     0.225
    15.000     0.006    -0.469
    15.100    -0.274    -0.204
    15.200     0.589    -0.248
    15.300    -0.309    -0.723
    15.400    -0.331    -0.416
    15.500    -0.287    -0.588
    15.600    -0.279    -0.442
    15.700    -0.331    -0.336
    15.800    -0.246    -0.317
    15.900    -0.193    -0.379
    16.000    -0.237    -0.246
