position	UNBOUND	O	OO	OOO	H	OH	OOH	OOOH	HH	OHH	OOHH	OOOHH	HHH	OHHH	OOHHH	OOOHHH	
-19.000     0.028     0.035    -0.058    -0.186    -0.046    -0.146     0.012    -0.340     0.005    -0.057    -0.002    -0.009    -0.014    -0.015    -0.009     0.009     0.007     0.031    -0.015     0.019    -0.014     0.008    -0.021    -0.005    -0.053     0.037    -0.015     0.008     0.000     0.034     0.061     0.030
-18.900    -0.089    -0.086    -0.029    -0.133    -0.093    -0.128    -0.121    -0.283    -0.015     0.039    -0.011    -0.010    -0.003    -0.022     0.017    -0.040     0.001     0.010    -0.013     0.015    -0.005     0.014    -0.010    -0.007     0.002    -0.131     0.000    -0.005     0.004    -0.000    -0.018    -0.022
-18.800     0.097    -0.117    -0.035    -0.119    -0.088    -0.148    -0.051    -0.187    -0.004    -0.005    -0.003    -0.005    -0.002    -0.015     0.004    -0.019     0.018     0.008    -0.007     0.006    -0.005     0.009    -0.005    -0.001    -0.061    -0.033    -0.009     0.017    -0.010     0.019     0.027    -0.022
-18.700     0.113    -0.134    -0.026    -0.162    -0.078    -0.098    -0.109    -0.209     0.053    -0.001    -0.009     0.006    -0.009    -0.005    -0.000    -0.018     0.040     0.025    -0.005     0.015    -0.004     0.006     0.006    -0.006    -0.050     0.088    -0.011     0.049    -0.013     0.012     0.024    -0.011
-18.600     0.161    -0.063    -0.006    -0.039    -0.051    -0.162    -0.062    -0.126     0.074    -0.034    -0.011    -0.005    -0.013     0.000    -0.012    -0.005    -0.003     0.006    -0.007     0.008    -0.007     0.007     0.010    -0.012    -0.088    -0.011     0.013    -0.017    -0.020    -0.005     0.016     0.023
-18.500    -0.022     0.126    -0.009    -0.084    -0.051    -0.116    -0.068    -0.198     0.044    -0.028     0.003    -0.006    -0.003    -0.002    -0.029    -0.038     0.020     0.017    -0.007     0.004    -0.005     0.007     0.003    -0.013     0.008    -0.023    -0.009    -0.005     0.001     0.008     0.001     0.043
-18.400     0.018    -0.110    -0.022    -0.107    -0.053    -0.142    -0.037    -0.203     0.033     0.010    -0.004    -0.019    -0.015     0.009    -0.018    -0.009     0.028    -0.028    -0.003     0.002    -0.003     0.006     0.006     0.023     0.014    -0.080     0.004     0.001    -0.004     0.003     0.016     0.036
-18.300    -0.069     0.138    -0.003    -0.111    -0.003    -0.123    -0.004    -0.252    -0.010     0.019     0.001    -0.013    -0.012     0.001    -0.013    -0.007     0.008     0.007     0.009     0.002     0.000     0.013     0.007     0.012     0.066    -0.132     0.001     0.016     0.003     0.019    -0.007    -0.003
-18.200     0.038     0.115    -0.037    -0.129    -0.024    -0.100    -0.101    -0.204     0.043     0.006    -0.001    -0.004    -0.007     0.000    -0.022    -0.008     0.074    -0.011     0.008     0.005     0.001     0.004     0.009    -0.025     0.086     0.163    -0.012    -0.006     0.005     0.026     0.016    -0.011
-18.100     0.077    -0.007     0.002    -0.104    -0.006    -0.126    -0.064    -0.172     0.021     0.050     0.002     0.002    -0.007    -0.001    -0.014    -0.002     0.054    -0.027     0.004    -0.006     0.003     0.000     0.003     0.009     0.051    -0.136     0.015     0.021    -0.008     0.025    -0.007     0.005
-18.000     0.072     0.188    -0.008    -0.151    -0.029    -0.139     0.011    -0.058    -0.007     0.037    -0.011     0.020    -0.004     0.013     0.002     0.008     0.032    -0.043     0.003     0.007     0.002     0.004     0.009     0.016    -0.054     0.006    -0.006     0.022     0.005     0.012    -0.004     0.041
-17.900     0.009     0.050     0.014    -0.136    -0.043    -0.124     0.022    -0.161     0.001     0.013    -0.005     0.012    -0.006     0.004    -0.011     0.006     0.052     0.026     0.004     0.011     0.001     0.005     0.006     0.006    -0.028    -0.033     0.004    -0.001     0.002    -0.012     0.011     0.005
-17.800    -0.068     0.124    -0.019    -0.139    -0.043    -0.112    -0.100    -0.297     0.015     0.039    -0.006     0.037    -0.004     0.009    -0.010     0.016     0.022    -0.014     0.002     0.005     0.003     0.003     0.009    -0.003     0.083    -0.133     0.009    -0.012     0.001     0.010     0.016     0.040
-17.700     0.113     0.054    -0.015    -0.092    -0.027    -0.090    -0.152    -0.103    -0.006    -0.023    -0.014     0.024    -0.003     0.012     0.016    -0.006     0.053    -0.029     0.003     0.018    -0.004    -0.006     0.011    -0.011    -0.009    -0.079     0.003     0.001    -0.006    -0.014     0.013     0.039
-17.600     0.055     0.056    -0.008    -0.078    -0.021    -0.037    -0.025    -0.022     0.029    -0.000    -0.008     0.022    -0.003     0.011     0.004     0.005     0.039    -0.011     0.005     0.016    -0.002     0.010     0.002     0.001     0.042    -0.039    -0.014    -0.000     0.000     0.000    -0.028     0.015
-17.500    -0.020     0.016    -0.026    -0.076    -0.011    -0.080    -0.103     0.069     0.026     0.018    -0.016     0.018    -0.002     0.016     0.011     0.035     0.020    -0.052     0.005     0.009     0.002     0.004     0.009     0.015    -0.007    -0.090    -0.007    -0.022     0.009     0.001     0.026     0.017
-17.400     0.019     0.028     0.022    -0.032    -0.032    -0.000    -0.095    -0.022     0.069    -0.033     0.001     0.022    -0.010     0.023     0.001     0.020     0.046    -0.038     0.013     0.008     0.004     0.000     0.003     0.016    -0.001    -0.026     0.003     0.005     0.003     0.000     0.030     0.014
-17.300     0.030     0.026     0.007    -0.007    -0.060    -0.039    -0.062    -0.068     0.019     0.060     0.003     0.026    -0.008     0.018    -0.013     0.032     0.022     0.021     0.014     0.010     0.000     0.007     0.002     0.004     0.060     0.030     0.023    -0.015     0.002    -0.009     0.004     0.012
-17.200     0.012     0.086     0.007    -0.013    -0.005    -0.009    -0.039     0.011     0.018     0.033     0.003     0.019    -0.008     0.029    -0.011     0.030    -0.017    -0.010     0.017     0.001     0.002    -0.000     0.003    -0.006     0.021    -0.035     0.008     0.008     0.017     0.019    -0.009     0.001
-17.100     0.121     0.012     0.014    -0.058    -0.046     0.039     0.044     0.139     0.006     0.072     0.003     0.034    -0.008     0.033     0.000     0.065    -0.001     0.013     0.009     0.002     0.008    -0.002     0.005     0.009     0.013     0.093     0.009     0.029     0.019     0.006     0.010     0.013
-17.000     0.035    -0.032     0.002    -0.028    -0.005     0.073    -0.139    -0.017     0.010     0.070     0.012     0.028    -0.009     0.030    -0.000     0.088    -0.019    -0.027     0.018     0.003     0.009    -0.010     0.010    -0.004     0.018     0.212     0.019     0.007     0.008     0.005     0.012     0.005
-16.900    -0.033     0.013     0.036    -0.028    -0.031     0.056    -0.056     0.131     0.020     0.088     0.012     0.043    -0.001     0.037     0.034     0.059    -0.003     0.036     0.006     0.006     0.010    -0.001     0.000    -0.008     0.004     0.002     0.015     0.008     0.011     0.024     0.001     0.004
-16.800     0.050    -0.083     0.015    -0.047    -0.001     0.073    -0.104     0.104    -0.023     0.035     0.007     0.021    -0.004     0.053     0.008     0.054     0.009    -0.043     0.010     0.005     0.004    -0.000     0.001    -0.013    -0.119     0.036     0.001    -0.010     0.004     0.008     0.017    -0.006
-16.700     0.091    -0.016     0.035    -0.049    -0.050     0.022    -0.122     0.139     0.052     0.064     0.015     0.015    -0.001     0.047     0.010     0.071    -0.005     0.017     0.005     0.003     0.004     0.001     0.005    -0.008     0.005     0.138     0.035    -0.006     0.000    -0.014     0.007     0.012
-16.600     0.006    -0.085     0.014    -0.057    -0.033     0.056    -0.103     0.109    -0.054    -0.010    -0.001     0.016    -0.008     0.049    -0.009     0.053    -0.001     0.035     0.005    -0.010     0.000     0.001    -0.002    -0.007    -0.042    -0.021     0.014     0.016     0.002     0.011     0.005     0.029
-16.500    -0.025     0.292     0.042    -0.030    -0.043     0.042    -0.060     0.029    -0.066     0.019    -0.001     0.009    -0.013     0.055    -0.024     0.074    -0.039     0.010     0.001     0.001     0.004    -0.001     0.008     0.007    -0.092     0.028     0.016     0.014    -0.007     0.001     0.015     0.017
-16.400     0.014     0.174    -0.028    -0.024    -0.038     0.039    -0.063    -0.093    -0.060     0.016    -0.009     0.016    -0.013     0.046    -0.026     0.052    -0.015    -0.021     0.001    -0.007    -0.000     0.010    -0.001     0.010     0.001     0.059    -0.005    -0.016    -0.004     0.031     0.026     0.002
-16.300     0.021     0.074    -0.004     0.042    -0.016     0.010    -0.072    -0.029    -0.035     0.117    -0.016     0.018    -0.024     0.047    -0.041     0.078    -0.053    -0.008     0.000    -0.004     0.002     0.015     0.004     0.000     0.024    -0.100     0.007     0.009     0.009     0.007     0.013    -0.036
-16.200    -0.094    -0.006    -0.063    -0.002    -0.014     0.036    -0.066    -0.103    -0.068     0.032    -0.012     0.038    -0.031     0.047    -0.032     0.052    -0.038     0.049     0.001     0.006     0.002     0.012     0.009    -0.019     0.028     0.091     0.000    -0.021     0.002    -0.007     0.002    -0.008
-16.100    -0.176    -0.080    -0.026     0.048    -0.013     0.026    -0.007    -0.023    -0.076     0.026    -0.014     0.039    -0.027     0.047    -0.043     0.043    -0.034     0.039     0.006     0.012     0.003     0.008     0.007    -0.009     0.063    -0.050    -0.003     0.005     0.001    -0.029     0.000    -0.008
-16.000     0.001     0.016    -0.028     0.002    -0.045     0.078    -0.061    -0.029    -0.059     0.042    -0.025     0.033    -0.033     0.041    -0.020     0.045    -0.035     0.016     0.005     0.009     0.000     0.007     0.001     0.002     0.087     0.136     0.007    -0.015     0.002    -0.001    -0.015     0.050
-15.900    -0.090    -0.160    -0.019    -0.010    -0.036     0.081    -0.094    -0.100    -0.013    -0.018    -0.023     0.040    -0.027     0.039    -0.034     0.043    -0.018     0.023     0.006     0.012     0.000     0.010    -0.006    -0.002    -0.015     0.001     0.007     0.005    -0.001     0.002    -0.002     0.033
-15.800    -0.042     0.008    -0.011     0.016    -0.016     0.020    -0.069    -0.106    -0.002     0.006    -0.024     0.044    -0.023     0.023    -0.025     0.038    -0.012     0.039    -0.005    -0.001     0.005     0.007     0.004     0.004     0.020    -0.094    -0.005    -0.027     0.003     0.019    -0.001    -0.043
-15.700     0.026     0.074    -0.049     0.004    -0.009     0.032    -0.112     0.062     0.011     0.017    -0.019     0.031    -0.022     0.041    -0.023     0.033     0.007     0.008    -0.003     0.002     0.002     0.008     0.006    -0.004     0.029     0.215     0.006     0.011     0.013     0.019    -0.021     0.003
-15.600     0.066     0.159    -0.003    -0.004     0.003    -0.007    -0.089    -0.064     0.013     0.037    -0.011     0.033    -0.014     0.038    -0.028     0.037     0.003     0.062    -0.009     0.005     0.007     0.002     0.006     0.010     0.036     0.043    -0.005    -0.005     0.008    -0.001     0.007    -0.021
-15.500    -0.032     0.092    -0.026    -0.021    -0.027     0.044    -0.037     0.101     0.020     0.033    -0.017     0.042    -0.009     0.049    -0.027     0.024     0.027     0.045    -0.010     0.002     0.008     0.001     0.006     0.005     0.061    -0.018    -0.011     0.018    -0.016    -0.006     0.007     0.004
-15.400    -0.138     0.171    -0.006    -0.031     0.006     0.025    -0.060     0.100     0.029     0.020    -0.018     0.042    -0.008     0.047    -0.019     0.045     0.004     0.046    -0.007     0.011     0.001     0.001     0.007     0.009    -0.060    -0.088    -0.008    -0.006    -0.001    -0.019     0.005    -0.004
-15.300    -0.161     0.160    -0.012    -0.004    -0.001    -0.019     0.031    -0.041     0.003    -0.015    -0.030     0.056    -0.012     0.043    -0.014     0.065     0.010     0.010    -0.013     0.024     0.005     0.001     0.009     0.016     0.062     0.022    -0.009     0.026    -0.004     0.006    -0.008    -0.004
-15.200     0.036     0.217    -0.022     0.005    -0.017     0.033     0.005     0.041     0.047     0.054    -0.012     0.059    -0.009     0.041    -0.011     0.034     0.029     0.047    -0.014     0.016    -0.002     0.012     0.007     0.019    -0.009     0.130     0.004    -0.005    -0.011     0.006     0.011     0.016
-15.100    -0.211    -0.050    -0.006    -0.012    -0.024     0.008     0.062    -0.061     0.014     0.025    -0.015     0.072    -0.009     0.043    -0.005     0.039     0.023     0.026    -0.009     0.006     0.005     0.010     0.010     0.014     0.046    -0.013    -0.008    -0.002     0.003    -0.011     0.018    -0.006
-15.000     0.034     0.286    -0.019     0.017    -0.039    -0.012     0.001     0.065     0.075     0.086    -0.016     0.045    -0.008     0.039    -0.010     0.058     0.038     0.017    -0.003     0.009     0.002    -0.000     0.001     0.022     0.018    -0.123     0.011    -0.002     0.018    -0.004    -0.011    -0.076
-14.900    -0.085    -0.070     0.000     0.030    -0.044     0.029    -0.002     0.002     0.065    -0.010    -0.013     0.055    -0.004     0.035    -0.015     0.050     0.030     0.003    -0.004     0.007    -0.001     0.010    -0.000     0.019     0.086    -0.009    -0.014    -0.000    -0.007    -0.005    -0.031    -0.002
-14.800    -0.050     0.216    -0.010     0.010    -0.031     0.042    -0.103     0.079     0.080    -0.030    -0.016     0.040    -0.006     0.045    -0.001     0.069     0.042     0.062    -0.003     0.009     0.002    -0.001     0.003     0.002     0.079    -0.018     0.006    -0.001     0.005     0.005    -0.019    -0.033
-14.700    -0.013    -0.035    -0.006     0.028    -0.017     0.022    -0.044    -0.006     0.032     0.058    -0.004     0.044    -0.002     0.041    -0.011     0.055     0.048     0.029    -0.002    -0.001     0.001     0.005     0.013    -0.014     0.090     0.066     0.004    -0.008    -0.001     0.016     0.014    -0.027
-14.600    -0.066     0.018     0.001     0.057    -0.038     0.053    -0.054    -0.055     0.070     0.031    -0.012     0.053    -0.004     0.033    -0.012     0.062     0.050     0.002    -0.001     0.001     0.002     0.001     0.008    -0.031     0.048    -0.140    -0.004     0.004    -0.006    -0.005     0.019     0.009
-14.500     0.054     0.043    -0.028     0.003    -0.035     0.013     0.039     0.025     0.028     0.054    -0.011     0.047    -0.008     0.031    -0.017     0.048     0.030    -0.047    -0.004    -0.008     0.004    -0.001     0.010    -0.013     0.024    -0.076    -0.014    -0.014    -0.006     0.004    -0.010     0.014
-14.400    -0.030     0.129    -0.007    -0.041    -0.053     0.014    -0.042    -0.023     0.036     0.027    -0.019     0.034    -0.010     0.023     0.010     0.039     0.065     0.019     0.001    -0.016    -0.001     0.002     0.006    -0.012     0.108    -0.112    -0.002    -0.006     0.013     0.003     0.009    -0.032
-14.300    -0.118     0.128    -0.027     0.009    -0.043     0.047    -0.008    -0.052    -0.009     0.183    -0.015     0.052    -0.008     0.026    -0.022     0.052     0.041    -0.024    -0.002    -0.003     0.002     0.008     0.010    -0.013     0.037    -0.017    -0.007     0.022     0.000    -0.014     0.016    -0.018
-14.200    -0.056     0.337    -0.005    -0.017    -0.063     0.092    -0.005     0.066     0.013     0.071    -0.020     0.041    -0.012     0.032    -0.017     0.051     0.049     0.045    -0.002    -0.004     0.003     0.011     0.007    -0.009     0.086    -0.089    -0.014    -0.003    -0.009    -0.022    -0.025    -0.021
-14.100    -0.136     0.024    -0.006     0.024    -0.013     0.049    -0.038     0.077    -0.012     0.056    -0.007     0.044    -0.001     0.044    -0.003     0.052     0.054    -0.007     0.002     0.005     0.002     0.006    -0.008    -0.002     0.069     0.022     0.003    -0.025     0.010    -0.010    -0.015    -0.007
-14.000     0.070    -0.024    -0.024     0.016    -0.017     0.028    -0.035     0.061     0.005     0.121    -0.015     0.042    -0.008     0.045    -0.008     0.046     0.020    -0.009     0.008     0.005    -0.002     0.009    -0.015    -0.002     0.078     0.024     0.014    -0.030     0.002    -0.024    -0.015    -0.001
-13.900     0.161    -0.062     0.013     0.032    -0.049     0.034    -0.065    -0.031     0.047     0.095    -0.006     0.047    -0.009     0.043    -0.008     0.030     0.024    -0.002     0.000     0.023    -0.002     0.011    -0.006     0.001     0.036     0.061     0.019     0.008    -0.002    -0.009    -0.011     0.007
-13.800    -0.070    -0.015    -0.008     0.019    -0.052     0.067    -0.038    -0.075     0.013     0.081    -0.021     0.027    -0.007     0.044    -0.027     0.064    -0.006    -0.000     0.006     0.011    -0.005     0.006    -0.004    -0.004     0.006     0.046    -0.005     0.015     0.005    -0.005     0.012     0.031
-13.700     0.043     0.028     0.005    -0.003    -0.050     0.010    -0.044    -0.004    -0.023     0.063    -0.021     0.039    -0.022     0.051    -0.009     0.039    -0.023    -0.027     0.003     0.005    -0.006     0.006    -0.018    -0.006     0.053     0.022     0.009     0.010    -0.016    -0.012    -0.010    -0.034
-13.600     0.309     0.178     0.007     0.047    -0.027     0.011    -0.072    -0.105     0.019     0.052    -0.010     0.016    -0.020     0.043    -0.015     0.064    -0.014    -0.040    -0.004     0.005    -0.005    -0.000    -0.015    -0.014    -0.042    -0.148     0.003     0.003    -0.001     0.007    -0.015     0.038
-13.500     0.126     0.247    -0.004     0.031    -0.037    -0.026    -0.034    -0.095    -0.022     0.036    -0.018     0.010    -0.022     0.041    -0.018     0.063    -0.018    -0.034    -0.006     0.007    -0.007     0.008    -0.007    -0.009    -0.027    -0.081     0.003    -0.024     0.009    -0.006     0.011    -0.012
-13.400     0.157    -0.011     0.022    -0.009    -0.031    -0.016     0.005     0.031    -0.039    -0.029    -0.013     0.028    -0.022     0.042    -0.024     0.032    -0.038    -0.048     0.000     0.013    -0.012     0.010    -0.019     0.000    -0.037    -0.065     0.009    -0.015     0.009    -0.001    -0.017    -0.005
-13.300     0.102     0.099    -0.013     0.021    -0.011    -0.011    -0.014     0.031    -0.039    -0.066    -0.014     0.019    -0.015     0.038    -0.021     0.022    -0.042    -0.056    -0.007     0.002    -0.005     0.012    -0.022    -0.007    -0.026    -0.115    -0.015     0.015     0.001     0.001    -0.023     0.002
-13.200    -0.001    -0.135    -0.009     0.036    -0.036    -0.094     0.037     0.020    -0.024    -0.045    -0.011     0.028    -0.028     0.035    -0.016     0.020    -0.057    -0.024    -0.013    -0.003    -0.008     0.010    -0.008    -0.017    -0.006    -0.066    -0.007    -0.024    -0.004     0.009     0.024     0.004
-13.100     0.037     0.077    -0.013    -0.022    -0.046    -0.085    -0.069    -0.034    -0.000    -0.029    -0.010     0.008    -0.025     0.020    -0.024     0.024    -0.005     0.003    -0.011    -0.000    -0.009     0.003    -0.010     0.002    -0.049    -0.008    -0.012    -0.013    -0.007    -0.022     0.004    -0.035
-13.000     0.001     0.042    -0.026    -0.075    -0.008    -0.065    -0.031    -0.028    -0.037    -0.081    -0.013     0.016    -0.026     0.015    -0.017     0.010    -0.016    -0.058    -0.010    -0.013    -0.006    -0.000    -0.019    -0.016     0.075    -0.041     0.019    -0.005    -0.001     0.013    -0.012    -0.005
-12.900     0.057    -0.082    -0.038     0.038    -0.009    -0.059     0.034     0.117     0.019    -0.112    -0.021    -0.002    -0.019     0.001    -0.012    -0.018    -0.010    -0.066    -0.007    -0.013    -0.010    -0.007    -0.015    -0.015     0.071    -0.096    -0.017    -0.020    -0.006     0.004    -0.032     0.033
-12.800    -0.061    -0.063    -0.044    -0.065    -0.010    -0.002    -0.004    -0.062     0.011    -0.039    -0.016    -0.004    -0.020    -0.007    -0.021    -0.021     0.002    -0.044    -0.009    -0.015    -0.008    -0.002    -0.013    -0.007    -0.069     0.118    -0.010    -0.016     0.006     0.016    -0.023    -0.008
-12.700     0.010     0.167    -0.014    -0.043    -0.011    -0.018    -0.031     0.061     0.031    -0.004    -0.021     0.010    -0.013    -0.005    -0.018    -0.052     0.017    -0.026    -0.013    -0.017    -0.007    -0.003    -0.015    -0.019    -0.007    -0.014    -0.014    -0.017     0.002    -0.013    -0.020    -0.002
-12.600    -0.137     0.101    -0.030    -0.026     0.010    -0.067    -0.081    -0.094     0.057    -0.024    -0.019     0.008    -0.009    -0.016    -0.024    -0.028     0.021     0.002    -0.014    -0.025    -0.008    -0.011    -0.010    -0.015     0.065     0.077    -0.023    -0.017     0.004    -0.021     0.018     0.010
-12.500    -0.015    -0.142    -0.035    -0.026    -0.021    -0.065     0.023     0.051     0.043     0.029    -0.014     0.005    -0.013    -0.023    -0.009    -0.059     0.009    -0.009    -0.005    -0.011    -0.004    -0.013    -0.002    -0.026     0.131    -0.112    -0.014    -0.016    -0.008    -0.004     0.017    -0.004
-12.400    -0.123    -0.259    -0.025    -0.047    -0.053    -0.006    -0.068     0.016     0.047    -0.006    -0.013     0.003    -0.016    -0.017    -0.002    -0.008     0.001    -0.005    -0.005    -0.009    -0.009    -0.014    -0.013    -0.016     0.035     0.021    -0.008    -0.007    -0.010    -0.030    -0.009     0.029
-12.300     0.100     0.010    -0.028    -0.048    -0.001    -0.097    -0.063     0.006     0.070    -0.060    -0.004    -0.008    -0.014    -0.025    -0.012    -0.025     0.029    -0.069    -0.004    -0.013    -0.005    -0.018    -0.012    -0.009     0.033    -0.094    -0.010    -0.002    -0.013    -0.015     0.004    -0.040
-12.200    -0.001    -0.043    -0.011    -0.044    -0.020    -0.043    -0.075     0.006     0.038    -0.081    -0.007    -0.010    -0.018    -0.030    -0.015    -0.021     0.030    -0.009    -0.001    -0.007    -0.009    -0.022    -0.007    -0.014    -0.016     0.092     0.003     0.000     0.001    -0.016     0.001    -0.021
-12.100    -0.075    -0.240    -0.053    -0.012    -0.043    -0.027    -0.022     0.057     0.014    -0.025    -0.004    -0.026    -0.014    -0.031     0.001    -0.066     0.027    -0.001     0.001    -0.005    -0.009    -0.024    -0.013    -0.022     0.055     0.028    -0.008     0.015    -0.006    -0.003     0.006    -0.018
-12.000     0.005    -0.202    -0.067    -0.012    -0.037     0.060    -0.073     0.032     0.036    -0.065    -0.004    -0.040    -0.012    -0.049    -0.006    -0.069     0.019     0.013    -0.008    -0.006    -0.013    -0.021    -0.008    -0.015    -0.010     0.004    -0.012     0.011    -0.021    -0.016     0.003     0.001
-11.900     0.015    -0.295    -0.026    -0.041    -0.035     0.017    -0.020    -0.081     0.046    -0.039    -0.002    -0.048    -0.012    -0.042    -0.015    -0.035     0.046    -0.000    -0.006     0.001    -0.012    -0.025    -0.019    -0.025     0.150     0.107     0.003    -0.013    -0.011    -0.018    -0.019     0.001
-11.800    -0.136    -0.064    -0.061    -0.066    -0.064    -0.042    -0.067    -0.018     0.022    -0.085     0.008    -0.064    -0.011    -0.057    -0.010    -0.084     0.035    -0.010    -0.011    -0.007    -0.012    -0.012    -0.010    -0.020     0.025    -0.064    -0.009     0.004    -0.008    -0.000     0.015    -0.021
-11.700    -0.046    -0.215    -0.040    -0.037    -0.040    -0.020    -0.065    -0.016     0.008    -0.152     0.004    -0.050    -0.010    -0.072    -0.024    -0.104     0.018    -0.054    -0.004    -0.006    -0.010    -0.023    -0.014    -0.038     0.022    -0.106     0.001     0.053    -0.003    -0.011    -0.012    -0.022
-11.600     0.009    -0.102    -0.012    -0.097    -0.055     0.002    -0.093    -0.151     0.017    -0.046    -0.007    -0.069    -0.007    -0.081     0.000    -0.082     0.005    -0.053    -0.012    -0.002    -0.011    -0.016    -0.009    -0.027    -0.020    -0.041    -0.007     0.007     0.000    -0.000    -0.013    -0.019
-11.500    -0.075     0.067     0.014    -0.032    -0.046    -0.026     0.029    -0.002    -0.012    -0.084    -0.001    -0.074    -0.011    -0.096    -0.005    -0.126     0.029    -0.019    -0.009    -0.003    -0.013    -0.018    -0.015    -0.032    -0.001    -0.054    -0.006     0.006    -0.013    -0.023     0.001    -0.019
-11.400    -0.184    -0.098    -0.033    -0.034    -0.046    -0.034    -0.052     0.004    -0.018    -0.078    -0.002    -0.075    -0.005    -0.095     0.003    -0.096     0.003    -0.057    -0.014    -0.005    -0.013    -0.018    -0.008    -0.023    -0.017    -0.123    -0.006    -0.002    -0.006     0.001    -0.024    -0.023
-11.300    -0.093     0.036     0.004    -0.093    -0.019    -0.039    -0.032    -0.000    -0.013    -0.082    -0.010    -0.086    -0.007    -0.111     0.008    -0.105    -0.006    -0.066    -0.010     0.008    -0.011    -0.013    -0.010    -0.027     0.013    -0.044    -0.015     0.029    -0.019     0.005    -0.033    -0.009
-11.200    -0.087     0.073    -0.002    -0.040    -0.023    -0.084    -0.006     0.048     0.002    -0.050    -0.014    -0.089    -0.007    -0.112    -0.003    -0.131     0.002    -0.066    -0.014     0.003    -0.013    -0.020    -0.017    -0.036     0.020     0.011    -0.019     0.018    -0.021     0.003    -0.013    -0.005
-11.100    -0.066     0.084     0.011    -0.111    -0.032    -0.013    -0.028     0.189    -0.004    -0.058    -0.010    -0.093    -0.022    -0.103    -0.007    -0.105     0.025    -0.067    -0.018     0.016    -0.014    -0.015    -0.015    -0.029     0.004    -0.069    -0.011     0.000    -0.021    -0.021    -0.030     0.016
-11.000    -0.049     0.033    -0.014    -0.078    -0.013    -0.051     0.016    -0.041    -0.002    -0.023    -0.016    -0.085    -0.005    -0.089    -0.001    -0.154    -0.004    -0.035    -0.013    -0.001    -0.017    -0.011    -0.014    -0.024     0.056    -0.041    -0.017     0.005    -0.008    -0.009    -0.006    -0.001
-10.900    -0.116    -0.083    -0.013    -0.109    -0.017    -0.034    -0.041     0.100    -0.020    -0.023    -0.016    -0.087    -0.012    -0.109    -0.019    -0.103     0.012    -0.083    -0.011    -0.005    -0.020    -0.007    -0.020    -0.026     0.014    -0.022    -0.018     0.005    -0.017    -0.031    -0.002    -0.043
-10.800    -0.045    -0.244    -0.027    -0.120     0.025    -0.060     0.032    -0.088     0.020    -0.086    -0.011    -0.096    -0.018    -0.095    -0.018    -0.108    -0.014    -0.033    -0.018     0.002    -0.021    -0.012    -0.012    -0.034     0.048    -0.038    -0.008    -0.018    -0.011     0.009    -0.021    -0.026
-10.700    -0.070     0.171     0.007    -0.074     0.040    -0.003     0.086    -0.102    -0.004    -0.077    -0.016    -0.087    -0.012    -0.093    -0.023    -0.119    -0.011    -0.028    -0.019    -0.012    -0.013    -0.013    -0.023    -0.039     0.054    -0.033    -0.009    -0.005    -0.002    -0.019    -0.013    -0.001
-10.600    -0.050    -0.055     0.044    -0.123    -0.008    -0.095     0.092    -0.069     0.003    -0.101    -0.017    -0.093    -0.009    -0.100    -0.019    -0.119     0.044    -0.063    -0.014    -0.005    -0.014    -0.012    -0.017    -0.029     0.085    -0.064    -0.014     0.010    -0.013    -0.019    -0.013    -0.061
-10.500    -0.010    -0.204     0.004    -0.088     0.040    -0.167     0.031    -0.009     0.017    -0.073    -0.011    -0.069    -0.013    -0.082    -0.026    -0.097     0.005    -0.103    -0.018    -0.007    -0.015    -0.013    -0.015    -0.031     0.087    -0.021    -0.001    -0.014    -0.026    -0.018    -0.004     0.019
-10.400    -0.056    -0.161    -0.001    -0.095     0.046    -0.139     0.163     0.069     0.021    -0.073    -0.011    -0.079    -0.007    -0.070    -0.005    -0.112     0.042    -0.063    -0.011    -0.008    -0.010    -0.016    -0.011    -0.016     0.034    -0.165    -0.010     0.015    -0.009    -0.011    -0.012     0.000
-10.300     0.064    -0.185     0.003    -0.126     0.045    -0.061     0.129    -0.037     0.045    -0.119    -0.017    -0.082    -0.012    -0.086    -0.028    -0.102     0.015    -0.084    -0.017    -0.013    -0.013    -0.019    -0.010    -0.027     0.100    -0.005    -0.011    -0.030    -0.013    -0.050    -0.022    -0.028
-10.200     0.027    -0.137    -0.008    -0.115     0.059    -0.083     0.069    -0.131    -0.003     0.008    -0.022    -0.088    -0.008    -0.085    -0.015    -0.104     0.013    -0.067    -0.010    -0.011    -0.006    -0.018    -0.005    -0.030     0.048    -0.028    -0.015    -0.011    -0.015    -0.013    -0.021    -0.006
-10.100     0.150    -0.172    -0.001    -0.144     0.040    -0.137     0.060    -0.110     0.029    -0.015    -0.030    -0.076    -0.008    -0.077    -0.008    -0.113     0.010    -0.042    -0.017    -0.021    -0.004    -0.019    -0.008    -0.037     0.055     0.101    -0.027    -0.021     0.000    -0.021     0.002    -0.091
-10.000    -0.011    -0.076    -0.001    -0.058     0.042    -0.167     0.013    -0.086     0.050     0.028    -0.027    -0.087     0.002    -0.088     0.014    -0.085     0.010    -0.082    -0.006    -0.028    -0.001    -0.024    -0.000    -0.040     0.062    -0.025     0.012     0.006    -0.001    -0.031     0.013    -0.038
-9.900     0.096    -0.188     0.000    -0.133     0.051    -0.162     0.005    -0.122     0.033    -0.035    -0.017    -0.062    -0.001    -0.078    -0.001    -0.123    -0.002    -0.036    -0.010    -0.018    -0.004    -0.032     0.003    -0.035     0.045    -0.147    -0.014    -0.040    -0.001    -0.026     0.000     0.005
-9.800     0.053    -0.193    -0.011    -0.136     0.068    -0.118     0.066    -0.184     0.040    -0.061    -0.020    -0.071    -0.002    -0.096     0.009    -0.129    -0.003    -0.046    -0.012    -0.027    -0.001    -0.022    -0.002    -0.046     0.089     0.004    -0.004    -0.021     0.001    -0.009     0.006    -0.058
-9.700     0.092    -0.082     0.019    -0.151     0.053    -0.139     0.073    -0.071     0.082    -0.059    -0.013    -0.064    -0.002    -0.097    -0.007    -0.152     0.033    -0.012    -0.013    -0.031    -0.003    -0.027     0.009    -0.045    -0.017     0.059    -0.009    -0.026     0.007    -0.023     0.009    -0.038
-9.600    -0.090    -0.170     0.035    -0.130     0.059    -0.076     0.102    -0.159     0.039    -0.074    -0.007    -0.074    -0.007    -0.090    -0.010    -0.140     0.020    -0.022    -0.003    -0.026     0.001    -0.024    -0.007    -0.047     0.147    -0.018     0.008    -0.012     0.004    -0.026     0.030     0.025
-9.500    -0.042    -0.044    -0.013    -0.155     0.063    -0.081     0.002    -0.120     0.012    -0.123    -0.005    -0.079    -0.001    -0.102     0.021    -0.154    -0.005    -0.000    -0.007    -0.027     0.001    -0.030    -0.001    -0.034    -0.012     0.064     0.005    -0.025     0.009    -0.030     0.010    -0.036
-9.400     0.055    -0.247    -0.000    -0.063     0.077    -0.088     0.147    -0.029     0.017    -0.147     0.001    -0.085     0.003    -0.100     0.011    -0.108     0.043    -0.011    -0.008    -0.027     0.004    -0.023    -0.004    -0.029     0.026     0.041     0.016    -0.027     0.000    -0.007     0.017    -0.022
-9.300     0.001    -0.154    -0.016    -0.150     0.078    -0.070     0.153    -0.069     0.047    -0.074    -0.001    -0.094     0.003    -0.093     0.017    -0.113     0.019    -0.002    -0.003    -0.038    -0.000    -0.031    -0.004    -0.029    -0.007     0.018     0.003    -0.030     0.012    -0.029    -0.003    -0.024
-9.200    -0.095    -0.177    -0.005    -0.102     0.035    -0.076     0.113     0.040     0.002    -0.078     0.008    -0.103    -0.000    -0.084     0.010    -0.089    -0.027    -0.047     0.003    -0.025     0.002    -0.035    -0.001    -0.031     0.042     0.031     0.003    -0.043     0.005    -0.042    -0.018    -0.042
-9.100    -0.107    -0.180    -0.014    -0.122     0.048    -0.070     0.109     0.117     0.016    -0.100     0.007    -0.092     0.001    -0.079     0.023    -0.083    -0.016    -0.058     0.004    -0.032     0.005    -0.032     0.001    -0.030     0.022    -0.091    -0.003    -0.045     0.004    -0.024     0.006    -0.032
-9.000    -0.085    -0.121    -0.015    -0.091     0.038    -0.028     0.059     0.039     0.054    -0.113     0.010    -0.097     0.003    -0.083     0.017    -0.076    -0.003    -0.018     0.006    -0.033     0.003    -0.028     0.004    -0.029    -0.052    -0.072    -0.006    -0.041     0.021    -0.038     0.012    -0.050
-8.900    -0.082    -0.075    -0.019    -0.101    -0.003     0.005     0.099     0.117     0.076    -0.063     0.017    -0.099     0.003    -0.060     0.030    -0.067     0.026    -0.084    -0.000    -0.032     0.001    -0.031     0.008    -0.030    -0.049    -0.101     0.006    -0.027     0.010    -0.009     0.019    -0.007
-8.800    -0.064     0.024    -0.006    -0.081     0.053     0.014     0.159     0.057     0.011    -0.050     0.008    -0.086     0.010    -0.066     0.016    -0.079     0.002    -0.067     0.000    -0.031     0.004    -0.030     0.002    -0.036    -0.058    -0.109     0.008    -0.033     0.005    -0.049    -0.007    -0.082
-8.700     0.011     0.156    -0.024    -0.048     0.038     0.032     0.069     0.038    -0.026    -0.129     0.009    -0.074     0.018    -0.048     0.027    -0.084     0.019    -0.069    -0.003    -0.033     0.003    -0.034     0.005    -0.040    -0.013    -0.005     0.012    -0.029     0.008    -0.013    -0.011     0.007
-8.600    -0.105    -0.061    -0.013    -0.107     0.034     0.018     0.150    -0.096    -0.004    -0.143     0.004    -0.070     0.015    -0.043     0.040    -0.041     0.042    -0.041    -0.000    -0.032     0.007    -0.031     0.005    -0.023    -0.009    -0.072     0.012    -0.040     0.010    -0.029     0.011    -0.030
-8.500    -0.129    -0.101     0.042    -0.117     0.063     0.046     0.052     0.073    -0.015    -0.042     0.003    -0.058     0.017    -0.040     0.026    -0.050     0.032    -0.080    -0.007    -0.033     0.002    -0.026     0.001    -0.014    -0.014    -0.063     0.009    -0.039     0.007    -0.013     0.009    -0.041
-8.400     0.110     0.002     0.037    -0.058     0.027     0.010    -0.041    -0.150    -0.001    -0.047    -0.002    -0.047     0.010    -0.033     0.009    -0.053     0.064    -0.036     0.003    -0.037     0.003    -0.033     0.008    -0.023    -0.026    -0.139    -0.002    -0.060     0.003    -0.040    -0.000    -0.020
-8.300    -0.035     0.067     0.034     0.000     0.038     0.002     0.051     0.098     0.027    -0.040    -0.003    -0.037     0.007    -0.037     0.003    -0.037     0.029     0.001     0.001    -0.031     0.002    -0.028     0.002    -0.014     0.014    -0.052     0.001    -0.037     0.008    -0.061     0.000    -0.033
-8.200     0.092    -0.011     0.022     0.034     0.039    -0.045     0.043    -0.087     0.005    -0.087     0.004    -0.028     0.005    -0.024     0.004    -0.039     0.045    -0.030     0.003    -0.046     0.002    -0.026     0.014    -0.021    -0.049    -0.151     0.013    -0.076     0.008    -0.046    -0.013    -0.092
-8.100    -0.059     0.031     0.028     0.009     0.079    -0.023    -0.033    -0.080     0.023    -0.020    -0.005    -0.016     0.009    -0.028     0.011    -0.022     0.057    -0.063     0.005    -0.040     0.002    -0.037     0.007    -0.002     0.109     0.003     0.010    -0.048    -0.008    -0.059     0.003    -0.079
-8.000    -0.062    -0.184     0.018    -0.008     0.096    -0.045     0.041    -0.045     0.000    -0.002     0.005    -0.021     0.006    -0.013     0.004     0.017     0.048    -0.120     0.006    -0.039     0.001    -0.023     0.006    -0.015    -0.059    -0.114     0.001    -0.056    -0.000    -0.038     0.032    -0.103
-7.900    -0.064     0.003     0.002     0.008     0.094     0.011     0.014    -0.041    -0.023    -0.050     0.008    -0.016     0.003    -0.009     0.004     0.006     0.043    -0.054     0.003    -0.036     0.006    -0.020     0.014    -0.005     0.029    -0.130     0.014    -0.043     0.008    -0.034     0.015    -0.035
-7.800    -0.083    -0.214     0.016    -0.017     0.082    -0.084    -0.015    -0.036    -0.056    -0.022     0.001    -0.021    -0.003     0.015    -0.003     0.033     0.007    -0.058    -0.004    -0.036     0.005    -0.012     0.013    -0.005     0.007     0.051     0.007    -0.039     0.002    -0.045     0.024    -0.029
-7.700    -0.125    -0.056    -0.015    -0.004     0.069     0.049     0.037     0.092    -0.016    -0.102    -0.002    -0.013     0.003     0.038     0.002     0.046     0.008    -0.074    -0.004    -0.045     0.003    -0.012     0.002     0.004    -0.047    -0.059     0.007    -0.063     0.001    -0.027     0.023    -0.039
-7.600    -0.158    -0.120     0.047     0.021     0.089     0.083     0.143     0.004    -0.018    -0.066    -0.009    -0.008    -0.001     0.036    -0.012     0.048    -0.017     0.008    -0.008    -0.025     0.005    -0.013     0.002    -0.022    -0.062    -0.221     0.022    -0.081     0.007    -0.045     0.016    -0.037
-7.500    -0.089    -0.104     0.005    -0.015     0.092     0.097     0.132     0.004    -0.012    -0.023    -0.003    -0.014     0.001     0.049    -0.002     0.036    -0.017    -0.073    -0.004    -0.032    -0.002    -0.018     0.011    -0.008    -0.015    -0.058    -0.000    -0.055     0.000    -0.022    -0.002    -0.042
-7.400    -0.052    -0.136     0.011     0.094     0.078     0.163     0.064     0.166    -0.001     0.017     0.006     0.012    -0.003     0.059     0.012     0.094     0.021    -0.122    -0.004    -0.024    -0.004    -0.015    -0.011     0.003    -0.053    -0.028    -0.016    -0.077     0.009    -0.051     0.044     0.024
-7.300    -0.088    -0.385    -0.023     0.011     0.060     0.136     0.073    -0.048     0.025     0.042     0.001     0.014    -0.003     0.077     0.006     0.115    -0.003    -0.080    -0.006    -0.030    -0.002    -0.003    -0.002     0.000    -0.181    -0.027    -0.005    -0.095     0.004    -0.053    -0.020    -0.020
-7.200    -0.090    -0.078    -0.024     0.054     0.019     0.143     0.064     0.300     0.063     0.030    -0.004     0.018    -0.005     0.105    -0.003     0.135    -0.016    -0.102    -0.007    -0.031    -0.005    -0.003     0.000     0.019    -0.060     0.063    -0.020    -0.069     0.005    -0.053     0.003     0.029
-7.100    -0.108    -0.106    -0.002     0.110     0.011     0.164     0.019     0.347     0.006     0.019    -0.008     0.015    -0.012     0.099    -0.006     0.174    -0.008    -0.046    -0.012    -0.030    -0.011     0.005    -0.001     0.027    -0.079    -0.109    -0.001    -0.071     0.004    -0.013     0.045    -0.035
-7.000    -0.056    -0.056    -0.044     0.099     0.007     0.094    -0.033     0.293     0.028     0.036    -0.011     0.045    -0.019     0.128    -0.004     0.192    -0.002    -0.023    -0.008    -0.014    -0.010     0.014    -0.013     0.046    -0.040    -0.071    -0.006    -0.044     0.002    -0.028     0.023     0.025
-6.900    -0.060     0.073    -0.023     0.134    -0.033     0.141    -0.023     0.199    -0.022     0.033    -0.019     0.051    -0.012     0.125     0.003     0.175     0.012    -0.022    -0.018    -0.011    -0.014     0.012    -0.008     0.055    -0.074    -0.091     0.000    -0.060    -0.010    -0.009    -0.005    -0.042
-6.800    -0.118     0.121    -0.038     0.115    -0.045     0.192    -0.097     0.144     0.004     0.031    -0.021     0.054    -0.016     0.129    -0.006     0.179    -0.058     0.012    -0.021    -0.018    -0.025     0.019    -0.014     0.051    -0.023     0.054    -0.009    -0.048     0.011    -0.039     0.021     0.071
-6.700    -0.160     0.230    -0.053     0.143    -0.053     0.218    -0.113     0.074     0.021     0.080    -0.041     0.072    -0.022     0.122    -0.015     0.225    -0.037    -0.006    -0.020    -0.016    -0.028     0.033    -0.017     0.058    -0.057    -0.061    -0.020    -0.052    -0.016    -0.059    -0.009    -0.011
-6.600    -0.045     0.246    -0.069     0.147    -0.061     0.252    -0.044     0.252     0.002     0.007    -0.048     0.091    -0.028     0.137    -0.023     0.210    -0.038     0.002    -0.025     0.010    -0.035     0.033    -0.023     0.067    -0.069    -0.221    -0.004    -0.040    -0.015    -0.033    -0.018    -0.002
-6.500    -0.027     0.240    -0.080     0.177    -0.099     0.251    -0.154     0.268    -0.027    -0.099    -0.041     0.097    -0.030     0.132    -0.031     0.217    -0.050     0.030    -0.030     0.019    -0.039     0.043    -0.029     0.081    -0.006    -0.048    -0.005    -0.037    -0.002    -0.023    -0.019    -0.024
-6.400    -0.106     0.235    -0.081     0.266    -0.051     0.163    -0.100     0.296    -0.059     0.000    -0.048     0.110    -0.040     0.153    -0.022     0.181    -0.002     0.020    -0.032     0.024    -0.042     0.056    -0.042     0.083    -0.032    -0.065    -0.025    -0.032    -0.032    -0.012    -0.008     0.002
-6.300    -0.093     0.132    -0.088     0.225    -0.095     0.235    -0.010     0.272    -0.045    -0.014    -0.061     0.124    -0.044     0.159    -0.038     0.217    -0.009    -0.053    -0.038     0.042    -0.044     0.065    -0.040     0.102    -0.089    -0.109    -0.024     0.005    -0.016     0.004    -0.020     0.048
-6.200    -0.048     0.192    -0.070     0.241    -0.114     0.226    -0.144     0.329     0.006     0.107    -0.053     0.135    -0.056     0.184    -0.043     0.205     0.018    -0.024    -0.038     0.059    -0.044     0.085    -0.035     0.101    -0.009    -0.042    -0.041    -0.011    -0.024     0.019    -0.012    -0.022
-6.100     0.018     0.004    -0.092     0.219    -0.113     0.248    -0.106     0.385    -0.011     0.121    -0.054     0.157    -0.065     0.183    -0.049     0.199    -0.030    -0.043    -0.049     0.085    -0.047     0.096    -0.032     0.110    -0.008    -0.012    -0.010     0.018    -0.030     0.032    -0.046     0.026
-6.000     0.023     0.069    -0.106     0.266    -0.136     0.227    -0.103     0.300    -0.027     0.068    -0.058     0.171    -0.064     0.193    -0.060     0.179    -0.075    -0.062    -0.048     0.087    -0.055     0.110    -0.051     0.132    -0.122     0.031    -0.021    -0.004    -0.028     0.042    -0.007     0.065
-5.900     0.039     0.156    -0.103     0.237    -0.141     0.232    -0.154     0.284     0.005     0.122    -0.064     0.205    -0.074     0.186    -0.063     0.199    -0.054     0.000    -0.064     0.112    -0.064     0.127    -0.044     0.138     0.008    -0.198    -0.031     0.014    -0.041     0.059    -0.025     0.048
-5.800    -0.096     0.087    -0.132     0.241    -0.137     0.261    -0.191     0.309     0.009     0.187    -0.075     0.200    -0.079     0.205    -0.055     0.194    -0.051     0.008    -0.060     0.135    -0.065     0.141    -0.048     0.153    -0.021    -0.308    -0.032     0.052    -0.032     0.030    -0.053     0.112
-5.700    -0.028     0.355    -0.106     0.259    -0.126     0.226    -0.093     0.227     0.028     0.202    -0.080     0.206    -0.077     0.215    -0.062     0.245    -0.023     0.004    -0.069     0.165    -0.070     0.152    -0.055     0.180    -0.064    -0.088    -0.044     0.074    -0.050     0.074    -0.027     0.108
-5.600     0.019     0.291    -0.129     0.222    -0.135     0.262    -0.026     0.214     0.023     0.182    -0.090     0.226    -0.083     0.211    -0.065     0.229    -0.059     0.027    -0.071     0.188    -0.074     0.165    -0.063     0.188    -0.049    -0.089    -0.054     0.082    -0.049     0.100    -0.031     0.081
-5.500    -0.065    -0.007    -0.151     0.283    -0.138     0.214    -0.061     0.214    -0.007     0.169    -0.100     0.239    -0.087     0.211    -0.057     0.221    -0.049     0.084    -0.071     0.196    -0.081     0.173    -0.074     0.197    -0.020    -0.016    -0.038     0.101    -0.047     0.059    -0.049     0.094
-5.400    -0.062     0.311    -0.145     0.256    -0.144     0.214    -0.117     0.301    -0.050     0.225    -0.100     0.249    -0.094     0.219    -0.057     0.222    -0.035     0.075    -0.078     0.212    -0.088     0.184    -0.070     0.194    -0.036     0.005    -0.057     0.084    -0.054     0.089    -0.022     0.181
-5.300    -0.015     0.315    -0.149     0.306    -0.143     0.196    -0.147     0.194    -0.058     0.214    -0.113     0.269    -0.101     0.220    -0.074     0.255    -0.045     0.188    -0.087     0.223    -0.090     0.205    -0.082     0.214    -0.083    -0.149    -0.069     0.087    -0.045     0.111    -0.055     0.086
-5.200    -0.122     0.367    -0.142     0.292    -0.165     0.166    -0.114     0.054    -0.026     0.146    -0.119     0.267    -0.108     0.217    -0.082     0.261    -0.032     0.148    -0.093     0.243    -0.102     0.217    -0.078     0.237    -0.020     0.146    -0.058     0.152    -0.087     0.142    -0.055     0.181
-5.100    -0.019     0.140    -0.156     0.288    -0.165     0.163    -0.090     0.158    -0.040     0.304    -0.131     0.273    -0.121     0.231    -0.107     0.277    -0.063     0.258    -0.100     0.258    -0.109     0.225    -0.072     0.228     0.031     0.160    -0.068     0.154    -0.097     0.144    -0.099     0.103
-5.000     0.096     0.274    -0.149     0.281    -0.151     0.144    -0.172     0.080    -0.010     0.268    -0.131     0.287    -0.127     0.227    -0.108     0.258    -0.096     0.230    -0.116     0.276    -0.118     0.236    -0.077     0.246     0.023     0.085    -0.070     0.156    -0.082     0.163    -0.066     0.124
-4.900    -0.023     0.193    -0.176     0.265    -0.177     0.116    -0.150     0.106    -0.079     0.273    -0.139     0.293    -0.129     0.230    -0.121     0.277    -0.057     0.166    -0.124     0.283    -0.126     0.243    -0.092     0.258     0.123     0.015    -0.107     0.153    -0.081     0.151    -0.065     0.200
-4.800    -0.089     0.307    -0.181     0.260    -0.163     0.085    -0.185     0.141    -0.113     0.343    -0.135     0.281    -0.144     0.210    -0.134     0.251    -0.099     0.238    -0.127     0.298    -0.129     0.255    -0.099     0.271    -0.075     0.187    -0.092     0.190    -0.098     0.161    -0.111     0.221
-4.700    -0.067     0.171    -0.176     0.255    -0.145     0.067    -0.181     0.033    -0.040     0.343    -0.146     0.292    -0.146     0.216    -0.140     0.225    -0.086     0.312    -0.145     0.316    -0.136     0.265    -0.106     0.287    -0.117    -0.011    -0.099     0.256    -0.111     0.199    -0.118     0.168
-4.600    -0.126     0.238    -0.170     0.180    -0.176     0.060    -0.167    -0.038    -0.086     0.345    -0.159     0.283    -0.151     0.208    -0.136     0.238    -0.100     0.300    -0.149     0.334    -0.146     0.272    -0.106     0.280     0.051     0.259    -0.095     0.207    -0.131     0.217    -0.110     0.253
-4.500    -0.071     0.080    -0.184     0.211    -0.188     0.063    -0.065     0.076    -0.086     0.250    -0.167     0.290    -0.158     0.203    -0.134     0.216    -0.105     0.305    -0.150     0.347    -0.150     0.276    -0.112     0.303    -0.084     0.148    -0.097     0.249    -0.116     0.213    -0.122     0.222
-4.400    -0.070     0.123    -0.181     0.177    -0.182     0.004    -0.116    -0.037    -0.128     0.364    -0.171     0.301    -0.160     0.189    -0.129     0.229    -0.063     0.304    -0.158     0.364    -0.159     0.286    -0.116     0.314     0.068     0.337    -0.116     0.262    -0.118     0.244    -0.075     0.225
-4.300    -0.079     0.249    -0.186     0.187    -0.178    -0.032    -0.073     0.187    -0.098     0.363    -0.177     0.297    -0.170     0.185    -0.148     0.242    -0.069     0.321    -0.162     0.378    -0.164     0.291    -0.120     0.323    -0.118     0.474    -0.110     0.294    -0.136     0.223    -0.105     0.209
-4.200    -0.058     0.161    -0.176     0.160    -0.198    -0.046    -0.143    -0.006    -0.095     0.301    -0.181     0.300    -0.169     0.179    -0.143     0.236    -0.041     0.371    -0.168     0.371    -0.164     0.294    -0.126     0.323    -0.145     0.201    -0.124     0.308    -0.147     0.247    -0.145     0.245
-4.100    -0.026     0.064    -0.182     0.150    -0.174    -0.093    -0.095     0.052    -0.079     0.333    -0.183     0.306    -0.168     0.165    -0.131     0.197    -0.067     0.353    -0.173     0.370    -0.169     0.301    -0.140     0.316    -0.242     0.140    -0.129     0.278    -0.142     0.237    -0.172     0.243
-4.000     0.015     0.126    -0.185     0.118    -0.188    -0.084    -0.123     0.003    -0.087     0.367    -0.180     0.308    -0.164     0.165    -0.127     0.186    -0.055     0.368    -0.173     0.388    -0.175     0.302    -0.137     0.315    -0.123     0.331    -0.126     0.297    -0.146     0.237    -0.146     0.268
-3.900    -0.029     0.058    -0.172     0.107    -0.177    -0.113    -0.052    -0.049    -0.124     0.347    -0.184     0.310    -0.167     0.148    -0.114     0.181    -0.055     0.448    -0.177     0.402    -0.179     0.315    -0.143     0.313    -0.200     0.066    -0.154     0.345    -0.158     0.268    -0.119     0.280
-3.800    -0.085     0.028    -0.183     0.094    -0.179    -0.118    -0.092    -0.092    -0.111     0.357    -0.186     0.301    -0.163     0.134    -0.113     0.155    -0.071     0.406    -0.179     0.406    -0.181     0.314    -0.134     0.320    -0.151     0.101    -0.152     0.315    -0.142     0.233    -0.128     0.283
-3.700    -0.091     0.234    -0.182     0.099    -0.170    -0.143    -0.116    -0.078    -0.133     0.355    -0.185     0.296    -0.167     0.116    -0.127     0.152    -0.065     0.412    -0.183     0.414    -0.183     0.320    -0.153     0.359    -0.048     0.403    -0.142     0.360    -0.159     0.310    -0.102     0.291
-3.600    -0.051     0.051    -0.191     0.089    -0.179    -0.145    -0.094    -0.171    -0.157     0.362    -0.184     0.286    -0.164     0.086    -0.120     0.118    -0.094     0.449    -0.187     0.410    -0.188     0.322    -0.152     0.368    -0.153     0.239    -0.150     0.316    -0.164     0.292    -0.128     0.311
-3.500    -0.120     0.168    -0.193     0.056    -0.199    -0.165    -0.108    -0.122    -0.124     0.330    -0.181     0.286    -0.162     0.078    -0.121     0.079    -0.128     0.488    -0.189     0.417    -0.189     0.329    -0.172     0.361    -0.261     0.339    -0.171     0.366    -0.151     0.310    -0.168     0.404
-3.400    -0.073     0.234    -0.192     0.065    -0.180    -0.143    -0.061    -0.175    -0.123     0.328    -0.183     0.272    -0.160     0.058    -0.114     0.060    -0.079     0.379    -0.183     0.417    -0.193     0.332    -0.160     0.320    -0.075     0.344    -0.144     0.374    -0.144     0.332    -0.133     0.298
-3.300    -0.139     0.070    -0.181     0.054    -0.186    -0.206    -0.111    -0.151    -0.115     0.278    -0.184     0.259    -0.169     0.041    -0.131     0.011    -0.089     0.427    -0.185     0.431    -0.193     0.330    -0.158     0.332     0.154    -0.006    -0.140     0.363    -0.171     0.298    -0.177     0.321
-3.200    -0.147     0.105    -0.190     0.047    -0.172    -0.205    -0.106    -0.230    -0.157     0.283    -0.180     0.251    -0.168     0.027    -0.124     0.010    -0.089     0.518    -0.183     0.433    -0.194     0.343    -0.172     0.350    -0.215     0.357    -0.164     0.400    -0.131     0.285    -0.172     0.348
-3.100    -0.121     0.065    -0.195     0.033    -0.164    -0.224    -0.102    -0.315    -0.135     0.291    -0.183     0.233    -0.165     0.013    -0.128     0.038    -0.097     0.513    -0.182     0.434    -0.192     0.333    -0.164     0.332    -0.174     0.512    -0.154     0.422    -0.171     0.244    -0.184     0.209
-3.000    -0.155     0.025    -0.211     0.004    -0.175    -0.247    -0.102    -0.287    -0.139     0.165    -0.185     0.211    -0.162     0.002    -0.093    -0.034    -0.090     0.481    -0.189     0.445    -0.195     0.342    -0.147     0.360    -0.081     0.423    -0.153     0.432    -0.170     0.276    -0.223     0.383
-2.900    -0.184     0.040    -0.203    -0.032    -0.184    -0.246    -0.132    -0.247    -0.164     0.293    -0.179     0.214    -0.162     0.003    -0.078    -0.062    -0.071     0.510    -0.190     0.434    -0.188     0.346    -0.142     0.398    -0.074     0.281    -0.125     0.405    -0.162     0.301    -0.161     0.325
-2.800    -0.144     0.177    -0.191    -0.052    -0.192    -0.268    -0.033    -0.350    -0.127     0.264    -0.178     0.185    -0.158    -0.019    -0.101    -0.052    -0.093     0.450    -0.188     0.430    -0.189     0.349    -0.153     0.380    -0.141     0.124    -0.165     0.386    -0.160     0.344    -0.149     0.157
-2.700    -0.142     0.016    -0.193    -0.091    -0.188    -0.294    -0.089    -0.261    -0.141     0.261    -0.176     0.185    -0.150    -0.034    -0.070    -0.022    -0.066     0.488    -0.189     0.447    -0.189     0.361    -0.146     0.411    -0.023     0.229    -0.137     0.373    -0.176     0.373    -0.160     0.329
-2.600    -0.152    -0.016    -0.200    -0.110    -0.201    -0.312    -0.062    -0.306    -0.157     0.186    -0.176     0.173    -0.140    -0.051    -0.050    -0.071    -0.117     0.478    -0.188     0.442    -0.184     0.371    -0.157     0.466    -0.083     0.160    -0.150     0.357    -0.141     0.299    -0.172     0.438
-2.500    -0.112     0.057    -0.212    -0.100    -0.192    -0.298    -0.129    -0.262    -0.104     0.218    -0.169     0.154    -0.139    -0.061    -0.063    -0.081    -0.067     0.471    -0.186     0.452    -0.186     0.382    -0.142     0.417    -0.265     0.511    -0.169     0.396    -0.164     0.377    -0.209     0.401
-2.400    -0.188    -0.147    -0.208    -0.129    -0.201    -0.310    -0.099    -0.281    -0.133     0.200    -0.174     0.141    -0.132    -0.092    -0.051    -0.130    -0.076     0.456    -0.181     0.447    -0.181     0.366    -0.151     0.422    -0.164     0.654    -0.134     0.451    -0.150     0.272    -0.159     0.287
-2.300    -0.141    -0.011    -0.217    -0.139    -0.214    -0.330    -0.004    -0.189    -0.132     0.009    -0.173     0.133    -0.140    -0.101    -0.032    -0.098    -0.083     0.450    -0.179     0.458    -0.191     0.382    -0.142     0.364    -0.136     0.306    -0.124     0.400    -0.155     0.252    -0.189     0.430
-2.200    -0.116    -0.110    -0.224    -0.143    -0.223    -0.341    -0.030    -0.417    -0.135     0.077    -0.176     0.127    -0.139    -0.100    -0.068    -0.107    -0.067     0.467    -0.176     0.470    -0.187     0.350    -0.139     0.393    -0.083     0.436    -0.140     0.324    -0.140     0.441    -0.263     0.437
-2.100    -0.225    -0.094    -0.215    -0.175    -0.219    -0.392    -0.216    -0.275    -0.156     0.047    -0.180     0.096    -0.138    -0.130    -0.005    -0.103    -0.153     0.516    -0.183     0.456    -0.193     0.381    -0.148     0.408    -0.291     0.480    -0.116     0.347    -0.178     0.258    -0.217     0.251
-2.000    -0.194    -0.025    -0.230    -0.173    -0.221    -0.368    -0.113    -0.322    -0.143     0.056    -0.189     0.086    -0.138    -0.137    -0.068    -0.111    -0.187     0.495    -0.174     0.465    -0.188     0.374    -0.133     0.404    -0.018    -0.021    -0.133     0.358    -0.186     0.394    -0.220     0.550
-1.900    -0.259    -0.084    -0.237    -0.186    -0.223    -0.404    -0.152    -0.218    -0.142     0.064    -0.189     0.074    -0.139    -0.175    -0.029    -0.144    -0.124     0.498    -0.164     0.478    -0.192     0.386    -0.158     0.377    -0.226     0.024    -0.055     0.438    -0.165     0.418    -0.136     0.359
-1.800    -0.256    -0.187    -0.242    -0.192    -0.237    -0.385    -0.111    -0.451    -0.181     0.108    -0.191     0.053    -0.145    -0.164    -0.044    -0.172    -0.153     0.516    -0.164     0.472    -0.183     0.416    -0.156     0.430     0.034     0.645    -0.086     0.429    -0.195     0.334    -0.174     0.403
-1.700    -0.211     0.043    -0.252    -0.227    -0.226    -0.416    -0.091    -0.504    -0.173     0.147    -0.188     0.063    -0.154    -0.159    -0.050    -0.216    -0.113     0.542    -0.161     0.482    -0.183     0.418    -0.127     0.444     0.019     0.854    -0.142     0.360    -0.157     0.459    -0.299     0.658
-1.600    -0.212    -0.088    -0.244    -0.197    -0.235    -0.436    -0.193    -0.539    -0.164     0.048    -0.193     0.048    -0.147    -0.189    -0.040    -0.196    -0.072     0.551    -0.161     0.504    -0.186     0.421    -0.148     0.442    -0.393     1.000    -0.067     0.431    -0.155     0.388    -0.059     0.290
-1.500    -0.205    -0.053    -0.245    -0.223    -0.251    -0.465    -0.160    -0.608    -0.104     0.122    -0.184     0.038    -0.157    -0.202    -0.027    -0.208    -0.095     0.458    -0.147     0.489    -0.164     0.451    -0.151     0.233     0.106     0.570    -0.123     0.444    -0.138     0.393    -0.091     0.595
-1.400    -0.176    -0.140    -0.255    -0.242    -0.238    -0.447    -0.217    -0.572    -0.066     0.056    -0.191     0.012    -0.147    -0.209    -0.066    -0.228    -0.132     0.485    -0.146     0.512    -0.171     0.428    -0.138     0.384    -0.415     0.815    -0.152     0.369    -0.164     0.282     0.056     0.077
-1.300    -0.230    -0.026    -0.260    -0.209    -0.266    -0.438    -0.230    -0.239    -0.117     0.127    -0.188     0.028    -0.156    -0.217    -0.050    -0.126    -0.154     0.575    -0.150     0.517    -0.184     0.437    -0.123     0.353    -0.132     0.847    -0.124     0.483    -0.171     0.469    -0.241     0.528
-1.200    -0.185    -0.046    -0.249    -0.238    -0.263    -0.465    -0.203    -0.576    -0.088     0.147    -0.190     0.013    -0.155    -0.201    -0.055    -0.341    -0.122     0.547    -0.142     0.532    -0.171     0.411    -0.127     0.434     0.990     0.535    -0.092     0.496    -0.239     0.636    -0.361     0.338
-1.100    -0.119     0.014    -0.252    -0.232    -0.253    -0.468    -0.190    -0.517    -0.122     0.171    -0.188    -0.020    -0.163    -0.244    -0.047    -0.247    -0.144     0.573    -0.151     0.539    -0.187     0.447    -0.102     0.310    -0.147     0.656    -0.062     0.289    -0.121     0.467    -0.129    -0.170
-1.000    -0.149    -0.035    -0.254    -0.233    -0.229    -0.451    -0.101    -0.222    -0.074     0.125    -0.201    -0.045    -0.156    -0.232    -0.062    -0.231    -0.137     0.500    -0.170     0.558    -0.188     0.455    -0.080     0.437    -0.254     0.569     0.002     0.484    -0.218     0.423    -0.218     0.060
-0.900    -0.105    -0.190    -0.244    -0.225    -0.252    -0.448    -0.233    -0.831    -0.119     0.027    -0.202    -0.059    -0.140    -0.236    -0.128    -0.171    -0.072     0.558    -0.170     0.554    -0.191     0.470    -0.136     0.315    -0.274     0.415    -0.240     0.424    -0.192     0.316    -0.323     0.239
-0.800    -0.128    -0.157    -0.243    -0.255    -0.239    -0.470     0.031    -0.216    -0.139     0.036    -0.197    -0.089    -0.141    -0.235    -0.103    -0.283    -0.066     0.461    -0.164     0.562    -0.202     0.487    -0.200     0.316    -0.353     0.825    -0.133     0.475    -0.069     0.389    -0.077     0.317
-0.700    -0.155    -0.229    -0.252    -0.250    -0.223    -0.442    -0.343    -0.304    -0.085     0.038    -0.204    -0.119    -0.135    -0.284    -0.039    -0.211    -0.133     0.536    -0.167     0.564    -0.191     0.463    -0.143     0.531     0.100     0.607    -0.110     0.388    -0.218     0.543    -0.442    -0.322
-0.600    -0.018    -0.228    -0.244    -0.240    -0.212    -0.413    -0.235    -0.189    -0.074     0.031    -0.210    -0.111    -0.113    -0.290    -0.092    -0.092    -0.163     0.639    -0.195     0.556    -0.196     0.449    -0.082     0.646    -0.381     0.494    -0.263     0.602    -0.294     0.563       nan       nan
-0.500     0.009    -0.155    -0.260    -0.247    -0.221    -0.345    -0.228    -0.637    -0.049     0.022    -0.199    -0.145    -0.136    -0.281     0.007    -0.285    -0.135     0.582    -0.172     0.549    -0.248     0.464    -0.012     0.461    -0.200    -0.044    -0.152     0.367    -0.310     0.395       nan       nan
-0.400     0.026    -0.095    -0.240    -0.180    -0.185    -0.436    -0.211    -0.349    -0.018    -0.038    -0.194    -0.147    -0.145    -0.287     0.007    -0.247    -0.161     0.697    -0.211     0.589    -0.261     0.465    -0.101     0.423       nan       nan    -0.173     0.363    -0.131     0.642    -0.466     0.025
-0.300     0.056    -0.201    -0.239    -0.249    -0.180    -0.423    -0.383    -0.885     0.010     0.075    -0.209    -0.157    -0.160    -0.275    -0.047    -0.007    -0.083     0.612    -0.206     0.540    -0.271     0.453    -0.145     0.580       nan       nan    -0.081     0.398    -0.069     0.313    -0.415     0.643
-0.200     0.030    -0.144    -0.244    -0.237    -0.200    -0.431     0.039    -0.026     0.002     0.025    -0.203    -0.171    -0.148    -0.303    -0.093    -0.217    -0.167     0.524    -0.186     0.576    -0.270     0.452    -0.168     0.605       nan       nan    -0.315     0.120    -0.213     0.071    -0.227     0.907
-0.100     0.102    -0.220    -0.226    -0.249    -0.203    -0.404    -0.230    -0.619     0.028     0.081    -0.214    -0.192    -0.163    -0.300    -0.154     0.091     0.134     0.412    -0.220     0.486    -0.265     0.394    -0.170     0.509       nan       nan     0.140     0.519    -0.212     0.477    -0.268     0.218
0.000     0.051    -0.207    -0.248    -0.221    -0.196    -0.376    -0.376    -0.554    -0.061     0.031    -0.201    -0.163    -0.155    -0.188    -0.027     0.019     0.250     0.060    -0.210     0.517    -0.244     0.359    -0.044     0.663       nan       nan     0.092     0.026    -0.239     0.201    -0.090    -0.997
0.100     0.119    -0.291    -0.260    -0.251    -0.242    -0.411    -0.428    -0.913     0.042    -0.149    -0.229    -0.182    -0.172    -0.180     0.152     0.021     0.181     0.358    -0.164     0.479    -0.272     0.447    -0.127     0.432       nan       nan     0.039     0.358    -0.000     0.096     0.160     0.795
0.200     0.089    -0.456    -0.265    -0.290    -0.232    -0.400    -0.385    -0.113    -0.039    -0.027    -0.240    -0.193    -0.196    -0.243    -0.154     0.080     0.004     0.395    -0.139     0.504    -0.254     0.412    -0.266     0.382       nan       nan     0.074    -0.006    -0.299     0.523       nan       nan
0.300     0.136    -0.065    -0.241    -0.296    -0.197    -0.366    -0.381    -0.288     0.009    -0.076    -0.210    -0.193    -0.208    -0.222    -0.124    -0.069    -0.312     0.399    -0.124     0.471    -0.259     0.425    -0.257     0.400       nan       nan     0.086     0.253    -0.157    -0.102       nan       nan
0.400     0.056    -0.034    -0.265    -0.338    -0.193    -0.508    -0.165    -0.631     0.057    -0.276    -0.218    -0.198    -0.187    -0.241    -0.197     0.037    -0.023     0.868    -0.178     0.523    -0.242     0.486    -0.216     0.585       nan       nan     0.329     0.804    -0.063    -0.968     0.116    -0.490
0.500     0.110    -0.059    -0.230    -0.299    -0.193    -0.367     0.194    -0.970    -0.051    -0.011    -0.199    -0.197    -0.167    -0.224     0.144     0.047     0.561     0.371    -0.113     0.419    -0.275     0.494    -0.094    -0.263       nan       nan    -0.131     0.717    -0.269    -0.403       nan       nan
0.600     0.088    -0.019    -0.215    -0.274    -0.127    -0.284     0.549    -0.167     0.030    -0.279    -0.193    -0.259    -0.171    -0.208     0.011    -0.234     0.262    -0.508    -0.190     0.394    -0.237     0.644    -0.323     0.044       nan       nan    -0.196     0.571    -0.460     0.512       nan       nan
0.700     0.175    -0.420    -0.174    -0.282    -0.165    -0.394    -0.315    -0.918    -0.082    -0.138    -0.202    -0.247    -0.132    -0.234     0.271    -0.410    -0.079     0.531    -0.207     0.456    -0.242     0.635    -0.097     0.801       nan       nan    -0.266     0.782     0.083    -0.954       nan       nan
0.800    -0.090     0.123    -0.193    -0.286    -0.179    -0.348    -0.107    -0.417     0.045    -0.081    -0.222    -0.217    -0.122    -0.282     0.231    -0.163     0.146     0.493    -0.173     0.285    -0.284     0.642    -0.372     0.758       nan       nan    -0.496     0.870    -0.500     0.668    -0.117     0.969
0.900     0.318    -0.314    -0.188    -0.319    -0.174    -0.434     0.294    -0.990    -0.067    -0.154    -0.221    -0.223    -0.077    -0.336     0.114    -0.543     0.102     0.857    -0.195     0.421    -0.244     0.585    -0.030     0.110       nan       nan    -0.446     0.944       nan       nan       nan       nan
1.000     0.375     0.083    -0.207    -0.295    -0.199    -0.296    -0.345    -0.992    -0.132    -0.255    -0.274    -0.233    -0.076    -0.413    -0.030    -0.102     0.140     0.706    -0.215     0.534    -0.336     0.628    -0.494     0.916       nan       nan     0.553    -0.551       nan       nan       nan       nan
1.100    -0.015    -0.414    -0.215    -0.304    -0.203    -0.485    -0.353    -0.999    -0.073    -0.113    -0.266    -0.163    -0.078    -0.274     0.415    -0.185       nan       nan    -0.175     0.494    -0.277     0.844    -0.115     0.073       nan       nan    -0.482     0.977       nan       nan       nan       nan
1.200    -0.348    -0.962    -0.211    -0.300    -0.260    -0.512       nan       nan    -0.201     0.005    -0.239    -0.282    -0.054    -0.264    -0.151     0.078    -0.236     0.925    -0.120     0.523    -0.359     0.341       nan       nan       nan       nan    -0.310     0.934       nan       nan       nan       nan
1.300     0.024    -0.253    -0.217    -0.364    -0.177    -0.378     0.090    -1.000    -0.131    -0.202    -0.248    -0.311    -0.015    -0.350    -0.152    -0.058       nan       nan    -0.361     0.787    -0.348     0.268    -0.198     0.651       nan       nan       nan       nan       nan       nan       nan       nan
1.400     0.184    -0.006    -0.190    -0.282    -0.296    -0.456    -0.220    -0.941    -0.089    -0.280    -0.273    -0.278     0.056    -0.300    -0.369     0.108     0.950    -0.123    -0.395     0.600    -0.147     0.745       nan       nan       nan       nan       nan       nan       nan       nan       nan       nan
1.500    -0.500    -0.275    -0.215    -0.270    -0.180    -0.530       nan       nan     0.291    -0.143    -0.237    -0.258     0.160    -0.178       nan       nan       nan       nan    -0.417     0.435    -0.475     0.792       nan       nan       nan       nan       nan       nan       nan       nan       nan       nan
1.600    -0.286    -0.186    -0.130    -0.225    -0.371    -0.594    -0.485    -0.998     0.052    -0.188    -0.287    -0.354     0.125    -0.180    -0.142     0.076       nan       nan    -0.367     0.820    -0.409     0.925       nan       nan       nan       nan       nan       nan       nan       nan       nan       nan
1.700     0.871     0.358    -0.253    -0.284    -0.344    -0.533       nan       nan    -0.389    -0.640    -0.289    -0.297     0.107    -0.167       nan       nan       nan       nan       nan       nan       nan       nan       nan       nan       nan       nan       nan       nan       nan       nan       nan       nan
1.800    -0.469    -0.432    -0.292    -0.394    -0.309    -0.507       nan       nan    -0.231     0.279    -0.216    -0.388     0.252    -0.020       nan       nan       nan       nan    -0.448     0.005    -0.416    -0.952       nan       nan       nan       nan       nan       nan       nan       nan       nan       nan
1.900    -0.364     0.614    -0.253    -0.283    -0.340    -0.532       nan       nan     0.748     0.406    -0.248    -0.340     0.080     0.101       nan       nan       nan       nan       nan       nan       nan       nan       nan       nan       nan       nan       nan       nan       nan       nan       nan       nan
2.000     0.354    -0.504    -0.240    -0.249     0.131    -0.429       nan       nan       nan       nan    -0.168    -0.390     0.168    -0.103       nan       nan       nan       nan       nan       nan       nan       nan       nan       nan       nan       nan       nan       nan       nan       nan       nan       nan
2.100    -0.450    -0.282    -0.246    -0.357    -0.413    -0.043       nan       nan       nan       nan    -0.246    -0.374     0.201    -0.294       nan       nan       nan       nan       nan       nan       nan       nan       nan       nan       nan       nan       nan       nan       nan       nan       nan       nan
2.200       nan       nan    -0.217    -0.285    -0.410     0.284       nan       nan       nan       nan    -0.271    -0.524     0.213    -0.178       nan       nan       nan       nan       nan       nan       nan       nan       nan       nan       nan       nan       nan       nan       nan       nan       nan       nan
2.300       nan       nan    -0.209    -0.226    -0.400    -0.799       nan       nan       nan       nan    -0.263    -0.654     0.144    -0.002       nan       nan       nan       nan       nan       nan       nan       nan       nan       nan       nan       nan       nan       nan       nan       nan       nan       nan
2.400    -0.441    -0.389    -0.138    -0.287    -0.221     0.529       nan       nan       nan       nan    -0.116    -0.581     0.046    -0.163       nan       nan       nan       nan       nan       nan       nan       nan       nan       nan       nan       nan       nan       nan       nan       nan       nan       nan
2.500       nan       nan    -0.234    -0.181    -0.496     0.869       nan       nan       nan       nan    -0.017    -0.200     0.010    -0.372       nan       nan       nan       nan       nan       nan       nan       nan       nan       nan       nan       nan       nan       nan       nan       nan       nan       nan
2.600       nan       nan     0.012    -0.154       nan       nan       nan       nan       nan       nan    -0.392    -0.208     0.052    -0.563       nan       nan       nan       nan       nan       nan       nan       nan       nan       nan       nan       nan       nan       nan       nan       nan       nan       nan
2.700       nan       nan     0.266    -0.308    -0.268    -0.443       nan       nan       nan       nan    -0.237    -0.071     0.002    -0.176       nan       nan       nan       nan       nan       nan       nan       nan       nan       nan       nan       nan       nan       nan       nan       nan       nan       nan
2.800       nan       nan    -0.121    -0.425     0.528    -0.304       nan       nan       nan       nan    -0.488    -0.950       nan       nan       nan       nan       nan       nan       nan       nan       nan       nan       nan       nan       nan       nan       nan       nan       nan       nan       nan       nan
2.900       nan       nan     0.091    -0.023     0.190    -0.187       nan       nan       nan       nan    -0.497    -0.662       nan       nan       nan       nan       nan       nan       nan       nan       nan       nan       nan       nan       nan       nan       nan       nan       nan       nan       nan       nan
3.000    -0.482     0.538     0.051     0.086    -0.270     0.975       nan       nan       nan       nan       nan       nan       nan       nan       nan       nan       nan       nan       nan       nan       nan       nan       nan       nan       nan       nan       nan       nan       nan       nan       nan       nan
3.100       nan       nan    -0.015    -0.216    -0.245     0.278       nan       nan       nan       nan       nan       nan       nan       nan       nan       nan       nan       nan       nan       nan       nan       nan       nan       nan       nan       nan       nan       nan       nan       nan       nan       nan
3.200       nan       nan     0.041     0.235     0.027     0.149       nan       nan       nan       nan       nan       nan       nan       nan       nan       nan       nan       nan       nan       nan       nan       nan       nan       nan       nan       nan       nan       nan       nan       nan       nan       nan
3.300     0.245    -0.336     0.192     0.242     0.473    -0.136       nan       nan       nan       nan       nan       nan       nan       nan       nan       nan       nan       nan       nan       nan       nan       nan       nan       nan       nan       nan       nan       nan       nan       nan       nan       nan
3.400       nan       nan     0.222     0.257       nan       nan       nan       nan       nan       nan       nan       nan       nan       nan       nan       nan       nan       nan       nan       nan       nan       nan       nan       nan       nan       nan       nan       nan       nan       nan       nan       nan
3.500    -0.197    -0.678     0.198    -0.252       nan       nan       nan       nan       nan       nan       nan       nan       nan       nan       nan       nan       nan       nan       nan       nan       nan       nan       nan       nan       nan       nan       nan       nan       nan       nan       nan       nan
3.600     0.674    -0.995     0.141    -0.047       nan       nan       nan       nan       nan       nan       nan       nan       nan       nan       nan       nan       nan       nan       nan       nan       nan       nan       nan       nan       nan       nan       nan       nan       nan       nan       nan       nan
3.700       nan       nan     0.113     0.293       nan       nan       nan       nan       nan       nan       nan       nan       nan       nan       nan       nan       nan       nan       nan       nan       nan       nan       nan       nan       nan       nan       nan       nan       nan       nan       nan       nan
