   -5.0000    0.0000000    0.0000000    0.0000000    0.0000000
   -4.9000    0.0000000    0.0000000    0.0000000    0.0000000
   -4.8000    0.0000000    0.0000000    0.0000000    0.0000000
   -4.7000    0.0000000    0.0000000    0.0000000    0.0000000
   -4.6000    0.0000000    0.0000000    0.0000000    0.0000000
   -4.5000    0.0000000    0.0000000    0.0000000    0.0000000
   -4.4000    0.0000000    0.0000000    0.0000000    0.0000000
   -4.3000    0.0000000    0.0000000    0.0000000    0.0000000
   -4.2000    0.0000000    0.0000000    0.0000000    0.0000000
   -4.1000    0.0000000    0.0000000    0.0000000    0.0000000
   -4.0000    0.0000000    0.0000000    0.0000000    0.0000000
   -3.9000    0.0000000    0.0000000    0.0000000    0.0000000
   -3.8000    0.0000000    0.0000000    0.0000000    0.0000000
   -3.7000    0.0000000    0.0000000    0.0000000    0.0000000
   -3.6000    0.0000000    0.0000000    0.0000000    0.0000000
   -3.5000    0.0000000    0.0000000    0.0000000    0.0000000
   -3.4000    0.0000000    0.0000000    0.0000000    0.0000000
   -3.3000    0.0000000    0.0000000    0.0000000    0.0000000
   -3.2000    0.0000000    0.0000000    0.0000000    0.0000000
   -3.1000    0.0000000    0.0000000    0.0000000    0.0000000
   -3.0000    0.0000000    0.0000000    0.0000000    0.0000000
   -2.9000    0.0000000    0.0000000    0.0000000    0.0000000
   -2.8000    0.0000000    0.0000000    0.0000000    0.0000000
   -2.7000    0.0000000    0.0000000    0.0000000    0.0000000
   -2.6000    0.0000000    0.0000000    0.0000000    0.0000000
   -2.5000    0.0000000    0.0000000    0.0000000    0.0000000
   -2.4000    0.0000000    0.0000000    0.0000000    0.0000000
   -2.3000    0.0000000    0.0000000    0.0000000    0.0000000
   -2.2000    0.0000000    0.0000000    0.0000000    0.0000000
   -2.1000    0.0000000    0.0000000    0.0000000    0.0000000
   -2.0000    0.0000000    0.0000000    0.0000000    0.0000000
   -1.9000    0.0000000    0.0000000    0.0000000    0.0000000
   -1.8000    0.0000000    0.0000000    0.0000000    0.0000000
   -1.7000    0.0000000    0.0000000    0.0000000    0.0000000
   -1.6000    0.0000000    0.0000000    0.0000000    0.0000000
   -1.5000    0.0000000    0.0000000    0.0000000    0.0000000
   -1.4000    0.0000000    0.0000000    0.0000000    0.0000000
   -1.3000    0.0000000    0.0000000    0.0000000    0.0000000
   -1.2000    0.0000000    0.0000000    0.0000000    0.0000000
   -1.1000    0.0000000    0.0000000    0.0000000    0.0000000
   -1.0000    0.0000000    0.0000000    0.0000000    0.0000000
   -0.9000    0.0000000    0.0000000    0.0000000    0.0000000
   -0.8000    0.0000000    0.0000000    0.0000000    0.0000000
   -0.7000    0.0000000    0.0000000    0.0000000    0.0000000
   -0.6000    0.0000000    0.0000000    0.0000000    0.0000000
   -0.5000    0.0000000    0.0000000    0.0000000    0.0000000
   -0.4000    0.0000000    0.0000000    0.0000000    0.0000000
   -0.3000    0.0000000    0.0000000    0.0000000    0.0000000
   -0.2000    0.0000000    0.0000000    0.0000000    0.0000000
   -0.1000    0.0000000    0.0000000    0.0000000    0.0000000
    0.0000    0.0000000    0.0000000    0.0000000    0.0000000
    0.1000    0.0000000    0.0000000    0.0000000    0.0000000
    0.2000    0.0000000    0.0000000    0.0000000    0.0000000
    0.3000    0.0000000    0.0000000    0.0000000    0.0000000
    0.4000    0.0000000    0.0000000    0.0000000    0.0000000
    0.5000    0.0000000    0.0000000    0.0000000    0.0000000
    0.6000    0.0000000    0.0000000    0.0000000    0.0000000
    0.7000    0.0000000    0.0000000    0.0000000    0.0000000
    0.8000    0.0000000    0.0000000    0.0000000    0.0000000
    0.9000    0.0000000    0.0000000    0.0000000    0.0000000
    1.0000    0.0000000    0.0000000    0.0000000    0.0000000
    1.1000    0.0000000    0.0000000    0.0000000    0.0000000
    1.2000    0.0000000    0.0000000    0.0000000    0.0000000
    1.3000    0.0000000    0.0000000    0.0000000    0.0000000
    1.4000    0.0000000    0.0000000    0.0000000    0.0000000
    1.5000    0.0000000    0.0000000    0.0000000    0.0000000
    1.6000    0.0000000    0.0000000    0.0000000    0.0000000
    1.7000    0.0000000    0.0000000    0.0000000    0.0000000
    1.8000    0.0000000    0.0000000    0.0000000    0.0000000
    1.9000    0.0000000    0.0000000    0.0000000    0.0000000
    2.0000    0.0000000    0.0000000    0.0000000    0.0000000
    2.1000    0.0000000    0.0000000    0.0000000    0.0000000
    2.2000    0.0000000    0.0000000    0.0000000    0.0000000
    2.3000    0.0000000    0.0000000    0.0000000    0.0000000
    2.4000    0.0000000    0.0000000    0.0000000    0.0000000
    2.5000    0.0000000    0.0000000    0.0000000    0.0000000
    2.6000    0.0000000    0.0000000    0.0000000    0.0000000
    2.7000    0.0000000    0.0000000    0.0000000    0.0000000
    2.8000    0.0000000    0.0000000    0.0000000    0.0000000
    2.9000    0.0000000    0.0000000    0.0000000    0.0000000
    3.0000    0.0000000    0.0000000    0.0000000    0.0000000
    3.1000    0.0000000    0.0000000    0.0000000    0.0000000
    3.2000    0.0000000    0.0000000    0.0000000    0.0000000
    3.3000    0.0000000    0.0000000    0.0000000    0.0000000
    3.4000    0.0000000    0.0000000    0.0000000    0.0000000
    3.5000    0.0000000    0.0000000    0.0000000    0.0000000
    3.6000    0.0000000    0.0000000    0.0000000    0.0000000
    3.7000    0.0000000    0.0000000    0.0000000    0.0000000
    3.8000    0.0000000    0.0000000    0.0000000    0.0000000
    3.9000    0.0000000    0.0000000    0.0000000    0.0000000
    4.0000    0.0000000    0.0000000    0.0000000    0.0000000
    4.1000    0.0000000    0.0000000    0.0000000    0.0000000
    4.2000    0.0000000    0.0000000    0.0000000    0.0000000
    4.3000    0.0000000    0.0000000    0.0000000    0.0000000
    4.4000    0.0000000    0.0000000    0.0000000    0.0000000
    4.5000    0.0000000    0.0000000    0.0000000    0.0000000
    4.6000    0.0000000    0.0000000    0.0000000    0.0000000
    4.7000    0.0000000    0.0000000    0.0000000    0.0000000
    4.8000    0.0000000    0.0000000    0.0000000    0.0000000
    4.9000    0.0000000    0.0000000    0.0000000    0.0000000
    5.0000    0.0000000    0.0000000    0.0000000    0.0000000
    5.1000    0.0000000    0.0000000    0.0000000    0.0000000
    5.2000    0.0000000    0.0000000    0.0000000    0.0000000
    5.3000    0.0000000    0.0000000    0.0000000    0.0000000
    5.4000    0.0000000    0.0000000    0.0000000    0.0000000
    5.5000    0.0000000    0.0000000    0.0000000    0.0000000
    5.6000    0.0000000    0.0000000    0.0000000    0.0000000
    5.7000    0.0000000    0.0000000    0.0000000    0.0000000
    5.8000    0.0000000    0.0000000    0.0000000    0.0000000
    5.9000    0.0000000    0.0000000    0.0000000    0.0000000
    6.0000    0.0000000    0.0000000    0.0000000    0.0000000
    6.1000    0.0000000    0.0000000    0.0000000    0.0000000
    6.2000    0.0000000    0.0000000    0.0000000    0.0000000
    6.3000    0.0000000    0.0000000    0.0000000    0.0000000
    6.4000    0.0000000    0.0000000    0.0000000    0.0000000
    6.5000    0.0000000    0.0000000    0.0000000    0.0000000
    6.6000    0.0000000    0.0000000    0.0000000    0.0000000
    6.7000    0.0000000    0.0000000    0.0000000    0.0000000
    6.8000    0.0000000    0.0000000    0.0000000    0.0000000
    6.9000    0.0000000    0.0000000    0.0000000    0.0000000
    7.0000    0.0000000    0.0000000    0.0000000    0.0000000
    7.1000    0.0000000    0.0000000    0.0000000    0.0000000
    7.2000    0.0000000    0.0000000    0.0000000    0.0000000
    7.3000    0.0000000    0.0000000    0.0000000    0.0000000
    7.4000    0.0000000    0.0000000    0.0000000    0.0000000
    7.5000    0.0000000    0.0000000    0.0000000    0.0000000
    7.6000    0.0000000    0.0000000    0.0000000    0.0000000
    7.7000    0.0000000    0.0000000    0.0000000    0.0000000
    7.8000    0.0000000    0.0000000    0.0000000    0.0000000
    7.9000    0.0000000    0.0000000    0.0000000    0.0000000
    8.0000    0.0000000    0.0000000    0.0000000    0.0000000
    8.1000    0.0000000    0.0000000    0.0000000    0.0000000
    8.2000    0.0000000    0.0000000    0.0000000    0.0000000
    8.3000    0.0000000    0.0000000    0.0000000    0.0000000
    8.4000    0.0000000    0.0000000    0.0000000    0.0000000
    8.5000    0.0000000    0.0000000    0.0000000    0.0000000
    8.6000    0.0000000    0.0000000    0.0000000    0.0000000
    8.7000    0.0000000    0.0000000    0.0000000    0.0000000
    8.8000    0.0000000    0.0000000    0.0000000    0.0000000
    8.9000    0.0000000    0.0000000    0.0000000    0.0000000
    9.0000    0.0000000    0.0000000    0.0000000    0.0000000
    9.1000    0.0000000    0.0000000    0.0000000    0.0000000
    9.2000    0.0000000    0.0000000    0.0000000    0.0000000
    9.3000    0.0000000    0.0000000    0.0000000    0.0000000
    9.4000    0.0000000    0.0000000    0.0000000    0.0000000
    9.5000    0.0000000    0.0000000    0.0000000    0.0000000
    9.6000    0.0000000    0.0000000    0.0000000    0.0000000
    9.7000    0.0000000    0.0000000    0.0000000    0.0000000
    9.8000    0.0000000    0.0000000    0.0000000    0.0000000
    9.9000    0.0000000    0.0000000    0.0000000    0.0000000
   10.0000    0.0000000    0.0000000    0.0000000    0.0000000
   10.1000    0.0000000    0.0000000    0.0000000    0.0000000
   10.2000    0.0000000    0.0000000    0.0000000    0.0000000
   10.3000    0.0000000    0.0000000    0.0000000    0.0000000
   10.4000    0.0000000    0.0000000    0.0000000    0.0000000
   10.5000    0.0000000    0.0000000    0.0000000    0.0000000
   10.6000    0.0000000    0.0000000    0.0000000    0.0000000
   10.7000    0.0000000    0.0000000    0.0000000    0.0000000
   10.8000    0.0000000    0.0000000    0.0000000    0.0000000
   10.9000    0.0000000    0.0000000    0.0000000    0.0000000
   11.0000    0.0000000    0.0000000    0.0000000    0.0000000
   11.1000    0.0000000    0.0000000    0.0000000    0.0000000
   11.2000    0.0000000    0.0000000    0.0000000    0.0000000
   11.3000    0.0000000    0.0000000    0.0000000    0.0000000
   11.4000    0.0000000    0.0000000    0.0000000    0.0000000
   11.5000    0.0000000    0.0000000    0.0000000    0.0000000
   11.6000    0.0000000    0.0000000    0.0000000    0.0000000
   11.7000    0.0000000    0.0000000    0.0000000    0.0000000
   11.8000    0.0000000    0.0000000    0.0000000    0.0000000
   11.9000    0.0000000    0.0000000    0.0000000    0.0000000
   12.0000    0.0000000    0.0000000    0.0000000    0.0000000
   12.1000    0.0000000    0.0000000    0.0000000    0.0000000
   12.2000    0.0000000    0.0000000    0.0000000    0.0000000
   12.3000    0.0000000    0.0000000    0.0000000    0.0000000
   12.4000    0.0000000    0.0000000    0.0000000    0.0000000
   12.5000    0.0000000    0.0000000    0.0000000    0.0000000
   12.6000    0.0000000    0.0000000    0.0000000    0.0000000
   12.7000    0.0000000    0.0000000    0.0000000    0.0000000
   12.8000    0.0000000    0.0000000    0.0000000    0.0000000
   12.9000    0.0000000    0.0000000    0.0000000    0.0000000
   13.0000    0.0000000    0.0000000    0.0000000    0.0000000
   13.1000    0.0000000    0.0000000    0.0000000    0.0000000
   13.2000    0.0000000    0.0000000    0.0000000    0.0000000
   13.3000    0.0000000    0.0000000    0.0000000    0.0000000
   13.4000    0.0000000    0.0000000    0.0000000    0.0000000
   13.5000    0.0000000    0.0000000    0.0000000    0.0000000
   13.6000    0.0000000    0.0000000    0.0000000    0.0000000
   13.7000    0.0000000    0.0000000    0.0000000    0.0000000
   13.8000    0.0000000    0.0000000    0.0000000    0.0000000
   13.9000    0.0000000    0.0000000    0.0000000    0.0000000
   14.0000    0.0000000    0.0000000    0.0000000    0.0000000
   14.1000    0.0000000    0.0000000    0.0000000    0.0000000
   14.2000    0.0000000    0.0000000    0.0000000    0.0000000
   14.3000    0.0000000    0.0000000    0.0000000    0.0000000
   14.4000    0.0000000    0.0000000    0.0000000    0.0000000
   14.5000    0.0000000    0.0000000    0.0000000    0.0000000
   14.6000    0.0000000    0.0000000    0.0000000    0.0000000
   14.7000    0.0000000    0.0000000    0.0000000    0.0000000
   14.8000    0.0000000    0.0000000    0.0000000    0.0000000
   14.9000    0.0000000    0.0000000    0.0000000    0.0000000
   15.0000    0.0000000    0.0000000    0.0000000    0.0000000
   15.1000    0.0000000    0.0000000    0.0000000    0.0000000
   15.2000    0.0000000    0.0000000    0.0000000    0.0000000
   15.3000    0.0000000    0.0000000    0.0000000    0.0000000
   15.4000    0.0000000    0.0000000    0.0000000    0.0000000
   15.5000    0.0000000    0.0000000    0.0000000    0.0000000
   15.6000    0.0000000    0.0000000    0.0000000    0.0000000
   15.7000    0.0000000    0.0000000    0.0000000    0.0000000
   15.8000    0.0000000    0.0000000    0.0000000    0.0000000
   15.9000    0.0000000    0.0000000    0.0000000    0.0000000
   16.0000    0.0000000    0.0000000    0.0000000    0.0000000
   16.1000    0.0000000    0.0000000    0.0000000    0.0000000
   16.2000    0.0000000    0.0000000    0.0000000    0.0000000
   16.3000    0.0000000    0.0000000    0.0000000    0.0000000
   16.4000    0.0000000    0.0000000    0.0000000    0.0000000
   16.5000    0.0000000    0.0000000    0.0000000    0.0000000
   16.6000    0.0000000    0.0000000    0.0000000    0.0000000
   16.7000    0.0000000    0.0000000    0.0000000    0.0000000
   16.8000    0.0000000    0.0000000    0.0000000    0.0000000
   16.9000    0.0000000    0.0000000    0.0000000    0.0000000
   17.0000    0.0000000    0.0000000    0.0000000    0.0000000
   17.1000    0.0000000    0.0000000    0.0000000    0.0000000
   17.2000    0.0000000    0.0000000    0.0000000    0.0000000
   17.3000    0.0000000    0.0000000    0.0000000    0.0000000
   17.4000    0.0000000    0.0000000    0.0000000    0.0000000
   17.5000    0.0000000    0.0000000    0.0000000    0.0000000
   17.6000    0.0000000    0.0000000    0.0000000    0.0000000
   17.7000    0.0000000    0.0000000    0.0000000    0.0000000
   17.8000    0.0000000    0.0000000    0.0000000    0.0000000
   17.9000    0.0000000    0.0000000    0.0000000    0.0000000
   18.0000    0.0000000    0.0000000    0.0000000    0.0000000
   18.1000    0.0000000    0.0000000    0.0000000    0.0000000
   18.2000    0.0000000    0.0000000    0.0000000    0.0000000
   18.3000    0.0000000    0.0000000    0.0000000    0.0000000
   18.4000    0.0000000    0.0000000    0.0000000    0.0000000
   18.5000    0.0000000    0.0000000    0.0000000    0.0000000
   18.6000    0.0000000    0.0000000    0.0000000    0.0000000
   18.7000    0.0000000    0.0000000    0.0000000    0.0000000
   18.8000    0.0000000    0.0000000    0.0000000    0.0000000
   18.9000    0.0000000    0.0000000    0.0000000    0.0000000
   19.0000    0.0000000    0.0000000    0.0000000    0.0000000
   19.1000    0.0000000    0.0000000    0.0000000    0.0000000
   19.2000    0.0000000    0.0000000    0.0000000    0.0000000
   19.3000    0.0000000    0.0000000    0.0000000    0.0000000
   19.4000    0.0000000    0.0000000    0.0000000    0.0000000
   19.5000    0.0000000    0.0000000    0.0000000    0.0000000
   19.6000    0.0000000    0.0000000    0.0000000    0.0000000
   19.7000    0.0000000    0.0000000    0.0000000    0.0000000
   19.8000    0.0000000    0.0000000    0.0000000    0.0000000
   19.9000    0.0000000    0.0000000    0.0000000    0.0000000
   20.0000    0.0000000    0.0061272    0.0000000    0.0000000
   20.1000    0.0000000    0.0061901    0.0000000    0.0000000
   20.2000    0.0000000    0.0062736    0.0000000    0.0000000
   20.3000    0.0000000    0.0063990    0.0000000    0.0000000
   20.4000    0.0000000    0.0064555    0.0000000    0.0000000
   20.5000    0.0000000    0.0064910    0.0000000    0.0000000
   20.6000    0.0000000    0.0065264    0.0000000    0.0000000
   20.7000    0.0000000    0.0065839    0.0000000    0.0000000
   20.8000    0.0000001    0.0066647    0.0000000    0.0000000
   20.9000    0.0000003    0.0067045    0.0000000    0.0000000
   21.0000    0.0000005    0.0068430    0.0000000    0.0000000
   21.1000    0.0000004    0.0068724    0.0000000    0.0000000
   21.2000    0.0000010    0.0069338    0.0000000    0.0000000
   21.3000    0.0000011    0.0069063    0.0000000    0.0000000
   21.4000    0.0000011    0.0069394    0.0000000    0.0000000
   21.5000    0.0000016    0.0068832    0.0000000    0.0000000
   21.6000    0.0000018    0.0068097    0.0000000    0.0000000
   21.7000    0.0000025    0.0067646    0.0000000    0.0000000
   21.8000    0.0000038    0.0067290    0.0000000    0.0000000
   21.9000    0.0000037    0.0067307    0.0000000    0.0000000
   22.0000    0.0000042    0.0067364    0.0000000    0.0000000
   22.1000    0.0000045    0.0067209    0.0000000    0.0000000
   22.2000    0.0000066    0.0065976    0.0000000    0.0000000
   22.3000    0.0000078    0.0065357    0.0000000    0.0000000
   22.4000    0.0000058    0.0063987    0.0000000    0.0000000
   22.5000    0.0000086    0.0062641    0.0000000    0.0000000
   22.6000    0.0000094    0.0061930    0.0000000    0.0000000
   22.7000    0.0000117    0.0061787    0.0000000    0.0000000
   22.8000    0.0000177    0.0062692    0.0000000    0.0000000
   22.9000    0.0000199    0.0061709    0.0000000    0.0000000
   23.0000    0.0000208    0.0063040    0.0000000    0.0000000
   23.1000    0.0000242    0.0062337    0.0000000    0.0000000
   23.2000    0.0000271    0.0062358    0.0000000    0.0000000
   23.3000    0.0000256    0.0062466    0.0000000    0.0000000
   23.4000    0.0000332    0.0062613    0.0000000    0.0000000
   23.5000    0.0000344    0.0062028    0.0000000    0.0000000
   23.6000    0.0000413    0.0062011    0.0000000    0.0000000
   23.7000    0.0000437    0.0061936    0.0000000    0.0000000
   23.8000    0.0000587    0.0060975    0.0000000    0.0000000
   23.9000    0.0000718    0.0060717    0.0000000    0.0000000
   24.0000    0.0000938    0.0060061    0.0000000    0.0000000
   24.1000    0.0001077    0.0060390    0.0000000    0.0000000
   24.2000    0.0001364    0.0061184    0.0000000    0.0000000
   24.3000    0.0001498    0.0060496    0.0000000    0.0000000
   24.4000    0.0001901    0.0060312    0.0000000    0.0000000
   24.5000    0.0002147    0.0060042    0.0000000    0.0000000
   24.6000    0.0002598    0.0061128    0.0000000    0.0000000
   24.7000    0.0003067    0.0061520    0.0000000    0.0000000
   24.8000    0.0003480    0.0061631    0.0000000    0.0000000
   24.9000    0.0004097    0.0061856    0.0000000    0.0000000
   25.0000    0.0004829    0.0061736    0.0000000    0.0000000
   25.1000    0.0005341    0.0061342    0.0000000    0.0000000
   25.2000    0.0006153    0.0061786    0.0000000    0.0000000
   25.3000    0.0006974    0.0061293    0.0000000    0.0000002
   25.4000    0.0007893    0.0061821    0.0000000    0.0000009
   25.5000    0.0009049    0.0061987    0.0000000    0.0000028
   25.6000    0.0009995    0.0062550    0.0000000    0.0000033
   25.7000    0.0011188    0.0062575    0.0000000    0.0000031
   25.8000    0.0012236    0.0063210    0.0000000    0.0000026
   25.9000    0.0013875    0.0064219    0.0000000    0.0000030
   26.0000    0.0015265    0.0064945    0.0000000    0.0000043
   26.1000    0.0016906    0.0066264    0.0000000    0.0000061
   26.2000    0.0018777    0.0066300    0.0000001    0.0000105
   26.3000    0.0020593    0.0065881    0.0000006    0.0000124
   26.4000    0.0022603    0.0065799    0.0000010    0.0000125
   26.5000    0.0025102    0.0065143    0.0000021    0.0000153
   26.6000    0.0027463    0.0064988    0.0000022    0.0000219
   26.7000    0.0029955    0.0064608    0.0000027    0.0000224
   26.8000    0.0032659    0.0064522    0.0000049    0.0000252
   26.9000    0.0035973    0.0062916    0.0000073    0.0000297
   27.0000    0.0038963    0.0061509    0.0000098    0.0000284
   27.1000    0.0042740    0.0060471    0.0000110    0.0000284
   27.2000    0.0045906    0.0059800    0.0000176    0.0000273
   27.3000    0.0049799    0.0059535    0.0000195    0.0000297
   27.4000    0.0053884    0.0058831    0.0000220    0.0000309
   27.5000    0.0057836    0.0057835    0.0000294    0.0000364
   27.6000    0.0061328    0.0056588    0.0000372    0.0000337
   27.7000    0.0065779    0.0055505    0.0000460    0.0000390
   27.8000    0.0069564    0.0054596    0.0000501    0.0000357
   27.9000    0.0074122    0.0052805    0.0000588    0.0000348
   28.0000    0.0078942    0.0049883    0.0000633    0.0000363
   28.1000    0.0083074    0.0047341    0.0000628    0.0000379
   28.2000    0.0088738    0.0045011    0.0000756    0.0000405
   28.3000    0.0093523    0.0041718    0.0000833    0.0000411
   28.4000    0.0098169    0.0038567    0.0000911    0.0000396
   28.5000    0.0103094    0.0035356    0.0000976    0.0000535
   28.6000    0.0107441    0.0032871    0.0001171    0.0000613
   28.7000    0.0113450    0.0030494    0.0001313    0.0000739
   28.8000    0.0118751    0.0028781    0.0001496    0.0000949
   28.9000    0.0124690    0.0027332    0.0001657    0.0001146
   29.0000    0.0129622    0.0025501    0.0001824    0.0001291
   29.1000    0.0136200    0.0023734    0.0002037    0.0001310
   29.2000    0.0141151    0.0022024    0.0002192    0.0001434
   29.3000    0.0147149    0.0020418    0.0002371    0.0001524
   29.4000    0.0153658    0.0018470    0.0002519    0.0001538
   29.5000    0.0158944    0.0017131    0.0002817    0.0001734
   29.6000    0.0164273    0.0015961    0.0002981    0.0001958
   29.7000    0.0170111    0.0014430    0.0003273    0.0002154
   29.8000    0.0175245    0.0013389    0.0003615    0.0002436
   29.9000    0.0179840    0.0012418    0.0003929    0.0002609
   30.0000    0.0184814    0.0011424    0.0004290    0.0002692
   30.1000    0.0189138    0.0010470    0.0004492    0.0002853
   30.2000    0.0194180    0.0009661    0.0004755    0.0003104
   30.3000    0.0198111    0.0008710    0.0005119    0.0003567
   30.4000    0.0201609    0.0007649    0.0005536    0.0003774
   30.5000    0.0205472    0.0006943    0.0005831    0.0004085
   30.6000    0.0209728    0.0006160    0.0005957    0.0004533
   30.7000    0.0212513    0.0005240    0.0006241    0.0005026
   30.8000    0.0216023    0.0004612    0.0006562    0.0005371
   30.9000    0.0218256    0.0004061    0.0006737    0.0005915
   31.0000    0.0219956    0.0003545    0.0006923    0.0006267
   31.1000    0.0222019    0.0003055    0.0007227    0.0006715
   31.2000    0.0223385    0.0002600    0.0007458    0.0006784
   31.3000    0.0224330    0.0002217    0.0007741    0.0007414
   31.4000    0.0226114    0.0001946    0.0008092    0.0007750
   31.5000    0.0227689    0.0001644    0.0008415    0.0008165
   31.6000    0.0228583    0.0001453    0.0008737    0.0008139
   31.7000    0.0227886    0.0001341    0.0009417    0.0008339
   31.8000    0.0229072    0.0001175    0.0009713    0.0008521
   31.9000    0.0228443    0.0001050    0.0010142    0.0009192
   32.0000    0.0227567    0.0000837    0.0010562    0.0009530
   32.1000    0.0226096    0.0000748    0.0011030    0.0009931
   32.2000    0.0225075    0.0000649    0.0011283    0.0010523
   32.3000    0.0224425    0.0000507    0.0011601    0.0010692
   32.4000    0.0223400    0.0000389    0.0011722    0.0010829
   32.5000    0.0223521    0.0000310    0.0011919    0.0010566
   32.6000    0.0223252    0.0000277    0.0012363    0.0010222
   32.7000    0.0223369    0.0000255    0.0012448    0.0010359
   32.8000    0.0223257    0.0000263    0.0012367    0.0009772
   32.9000    0.0223347    0.0000205    0.0012673    0.0009427
   33.0000    0.0221939    0.0000174    0.0013157    0.0008750
   33.1000    0.0222016    0.0000163    0.0013881    0.0008209
   33.2000    0.0222056    0.0000178    0.0013952    0.0008023
   33.3000    0.0221677    0.0000130    0.0014423    0.0008250
   33.4000    0.0221972    0.0000098    0.0014401    0.0008231
   33.5000    0.0222304    0.0000058    0.0014335    0.0008180
   33.6000    0.0221610    0.0000048    0.0014550    0.0007743
   33.7000    0.0222773    0.0000023    0.0014873    0.0007541
   33.8000    0.0223216    0.0000025    0.0014868    0.0007328
   33.9000    0.0223938    0.0000006    0.0014766    0.0007153
   34.0000    0.0224848    0.0000006    0.0015194    0.0006748
   34.1000    0.0226122    0.0000005    0.0014563    0.0006321
   34.2000    0.0224967    0.0000002    0.0014481    0.0005974
   34.3000    0.0225575    0.0000003    0.0014406    0.0005949
   34.4000    0.0225397    0.0000000    0.0014283    0.0005704
   34.5000    0.0226843    0.0000000    0.0014182    0.0005306
   34.6000    0.0227817    0.0000000    0.0014118    0.0004994
   34.7000    0.0228190    0.0000000    0.0014474    0.0004752
   34.8000    0.0228739    0.0000000    0.0014615    0.0004681
   34.9000    0.0230230    0.0000000    0.0014548    0.0004617
   35.0000    0.0230503    0.0000000    0.0014188    0.0004610
   35.1000    0.0231048    0.0000000    0.0014434    0.0004688
   35.2000    0.0233281    0.0000000    0.0014240    0.0004705
   35.3000    0.0234075    0.0000000    0.0013700    0.0004606
   35.4000    0.0236515    0.0000000    0.0013661    0.0004612
   35.5000    0.0236529    0.0000000    0.0013450    0.0004811
   35.6000    0.0237289    0.0000000    0.0013279    0.0004859
   35.7000    0.0238913    0.0000000    0.0013177    0.0004748
   35.8000    0.0241186    0.0000000    0.0013267    0.0004666
   35.9000    0.0241532    0.0000000    0.0013106    0.0004539
   36.0000    0.0242046    0.0000000    0.0013037    0.0004626
   36.1000    0.0243208    0.0000000    0.0012768    0.0004702
   36.2000    0.0244042    0.0000000    0.0012648    0.0004717
   36.3000    0.0244921    0.0000000    0.0012793    0.0004597
   36.4000    0.0246269    0.0000000    0.0012623    0.0004430
   36.5000    0.0247332    0.0000000    0.0012554    0.0004446
   36.6000    0.0247787    0.0000000    0.0012722    0.0004384
   36.7000    0.0247783    0.0000000    0.0012472    0.0004374
   36.8000    0.0246801    0.0000000    0.0012457    0.0004377
   36.9000    0.0248787    0.0000000    0.0012507    0.0004295
   37.0000    0.0248846    0.0000000    0.0012609    0.0004385
   37.1000    0.0249255    0.0000000    0.0012261    0.0004337
   37.2000    0.0250367    0.0000000    0.0011847    0.0004222
   37.3000    0.0250153    0.0000000    0.0011914    0.0004342
   37.4000    0.0249763    0.0000000    0.0011859    0.0004497
   37.5000    0.0250025    0.0000000    0.0011659    0.0004524
   37.6000    0.0250757    0.0000000    0.0011523    0.0004209
   37.7000    0.0252106    0.0000000    0.0011674    0.0004110
   37.8000    0.0252260    0.0000000    0.0011460    0.0003953
   37.9000    0.0253289    0.0000000    0.0011535    0.0003908
   38.0000    0.0252621    0.0000000    0.0011681    0.0004093
   38.1000    0.0252565    0.0000000    0.0011582    0.0004134
   38.2000    0.0252697    0.0000000    0.0011621    0.0004286
   38.3000    0.0250838    0.0000000    0.0011448    0.0004749
   38.4000    0.0251256    0.0000000    0.0011625    0.0004664
   38.5000    0.0250417    0.0000000    0.0011893    0.0004755
   38.6000    0.0250937    0.0000000    0.0011901    0.0005036
   38.7000    0.0251452    0.0000000    0.0012090    0.0005144
   38.8000    0.0250618    0.0000000    0.0012020    0.0005203
   38.9000    0.0251592    0.0000000    0.0012085    0.0005055
   39.0000    0.0250630    0.0000000    0.0012008    0.0005103
   39.1000    0.0250572    0.0000000    0.0011705    0.0005113
   39.2000    0.0251271    0.0000000    0.0011709    0.0005191
   39.3000    0.0251661    0.0000000    0.0011344    0.0005167
   39.4000    0.0251680    0.0000000    0.0011190    0.0005453
   39.5000    0.0250623    0.0000000    0.0010899    0.0005347
   39.6000    0.0250194    0.0000000    0.0010760    0.0005407
   39.7000    0.0250367    0.0000000    0.0010488    0.0005226
   39.8000    0.0250185    0.0000000    0.0010472    0.0005100
   39.9000    0.0250468    0.0000000    0.0010528    0.0005034
   40.0000    0.0250746    0.0000000    0.0010672    0.0004960
   40.1000    0.0250579    0.0000000    0.0010701    0.0004809
   40.2000    0.0251519    0.0000000    0.0010631    0.0004794
   40.3000    0.0251652    0.0000000    0.0010734    0.0004968
   40.4000    0.0252554    0.0000000    0.0010704    0.0005030
   40.5000    0.0252332    0.0000000    0.0010732    0.0004931
   40.6000    0.0251126    0.0000000    0.0010851    0.0005002
   40.7000    0.0252177    0.0000000    0.0010895    0.0004974
   40.8000    0.0251542    0.0000000    0.0010912    0.0004876
   40.9000    0.0252250    0.0000000    0.0010912    0.0004730
   41.0000    0.0251497    0.0000000    0.0010556    0.0004472
   41.1000    0.0251839    0.0000000    0.0010460    0.0004383
   41.2000    0.0252338    0.0000000    0.0010313    0.0004286
   41.3000    0.0252147    0.0000000    0.0010149    0.0004418
   41.4000    0.0252997    0.0000000    0.0009929    0.0004267
   41.5000    0.0252557    0.0000000    0.0009719    0.0004161
   41.6000    0.0252958    0.0000000    0.0009754    0.0004330
   41.7000    0.0253608    0.0000000    0.0009580    0.0004370
   41.8000    0.0254128    0.0000000    0.0009764    0.0004326
   41.9000    0.0254373    0.0000000    0.0009392    0.0004471
   42.0000    0.0254923    0.0000000    0.0009331    0.0004404
   42.1000    0.0254871    0.0000000    0.0009227    0.0004479
   42.2000    0.0255424    0.0000000    0.0009099    0.0004693
   42.3000    0.0255657    0.0000000    0.0008998    0.0005030
   42.4000    0.0255168    0.0000000    0.0008988    0.0005163
   42.5000    0.0255443    0.0000000    0.0008934    0.0005323
   42.6000    0.0255323    0.0000000    0.0009142    0.0005590
   42.7000    0.0254318    0.0000000    0.0009228    0.0005471
   42.8000    0.0254476    0.0000000    0.0009000    0.0005332
   42.9000    0.0255798    0.0000000    0.0009030    0.0005533
   43.0000    0.0255465    0.0000000    0.0008947    0.0005415
   43.1000    0.0254910    0.0000000    0.0008855    0.0005599
   43.2000    0.0254786    0.0000000    0.0008963    0.0005459
   43.3000    0.0254095    0.0000000    0.0009050    0.0005328
   43.4000    0.0253948    0.0000000    0.0009259    0.0005184
   43.5000    0.0253685    0.0000000    0.0009139    0.0005025
   43.6000    0.0253458    0.0000000    0.0009035    0.0004909
   43.7000    0.0253680    0.0000000    0.0009469    0.0004833
   43.8000    0.0253599    0.0000000    0.0009593    0.0004716
   43.9000    0.0253684    0.0000000    0.0009859    0.0004578
   44.0000    0.0251773    0.0000000    0.0010040    0.0004448
   44.1000    0.0252023    0.0000000    0.0010190    0.0004274
   44.2000    0.0251990    0.0000000    0.0010642    0.0004048
   44.3000    0.0251283    0.0000000    0.0010747    0.0004136
   44.4000    0.0250851    0.0000000    0.0011036    0.0003910
   44.5000    0.0250372    0.0000000    0.0011063    0.0003706
   44.6000    0.0248924    0.0000000    0.0011487    0.0003712
   44.7000    0.0247753    0.0000000    0.0011524    0.0003829
   44.8000    0.0248016    0.0000000    0.0011787    0.0003876
   44.9000    0.0246873    0.0000000    0.0011548    0.0004043
   45.0000    0.0246474    0.0000000    0.0011822    0.0004239
   45.1000    0.0245540    0.0000000    0.0011909    0.0004524
   45.2000    0.0244904    0.0000000    0.0012008    0.0004915
   45.3000    0.0245052    0.0000000    0.0011931    0.0005001
   45.4000    0.0244447    0.0000000    0.0012219    0.0005006
   45.5000    0.0244545    0.0000000    0.0012367    0.0004838
   45.6000    0.0244577    0.0000000    0.0012322    0.0005031
   45.7000    0.0244466    0.0000000    0.0012262    0.0004928
   45.8000    0.0243695    0.0000000    0.0012520    0.0004897
   45.9000    0.0243435    0.0000000    0.0012175    0.0004909
   46.0000    0.0242737    0.0000000    0.0012087    0.0005259
   46.1000    0.0242515    0.0000000    0.0011830    0.0005311
   46.2000    0.0243465    0.0000000    0.0011729    0.0005264
   46.3000    0.0243920    0.0000000    0.0011692    0.0005197
   46.4000    0.0243443    0.0000000    0.0011302    0.0005436
   46.5000    0.0242723    0.0000000    0.0011104    0.0005520
   46.6000    0.0242244    0.0000000    0.0011115    0.0005900
   46.7000    0.0241830    0.0000000    0.0011206    0.0006168
   46.8000    0.0241907    0.0000000    0.0011121    0.0006198
   46.9000    0.0241431    0.0000000    0.0011373    0.0006431
   47.0000    0.0241203    0.0000000    0.0011294    0.0006594
   47.1000    0.0241945    0.0000000    0.0011105    0.0006624
   47.2000    0.0242112    0.0000000    0.0011392    0.0006492
   47.3000    0.0241968    0.0000000    0.0011466    0.0006662
   47.4000    0.0240720    0.0000000    0.0011260    0.0006719
   47.5000    0.0241319    0.0000000    0.0011154    0.0006561
   47.6000    0.0240413    0.0000000    0.0011563    0.0006557
   47.7000    0.0240794    0.0000000    0.0011569    0.0006610
   47.8000    0.0240014    0.0000000    0.0011437    0.0006623
   47.9000    0.0240375    0.0000000    0.0011453    0.0006786
   48.0000    0.0240913    0.0000000    0.0011662    0.0006591
   48.1000    0.0241176    0.0000000    0.0011830    0.0006058
   48.2000    0.0241033    0.0000000    0.0011715    0.0005918
   48.3000    0.0241385    0.0000000    0.0011819    0.0005766
   48.4000    0.0240337    0.0000000    0.0011821    0.0005616
   48.5000    0.0240986    0.0000000    0.0011504    0.0005803
   48.6000    0.0240317    0.0000000    0.0011536    0.0005616
   48.7000    0.0240177    0.0000000    0.0011432    0.0005580
   48.8000    0.0239124    0.0000000    0.0011185    0.0005538
   48.9000    0.0238660    0.0000000    0.0011095    0.0005597
   49.0000    0.0237729    0.0000000    0.0011128    0.0005652
   49.1000    0.0237259    0.0000000    0.0010902    0.0005845
   49.2000    0.0237904    0.0000000    0.0010966    0.0005901
   49.3000    0.0236581    0.0000000    0.0010638    0.0006027
   49.4000    0.0236568    0.0000000    0.0010853    0.0006076
   49.5000    0.0235998    0.0000000    0.0010996    0.0006019
   49.6000    0.0236810    0.0000000    0.0011082    0.0006116
   49.7000    0.0236506    0.0000000    0.0010902    0.0005854
   49.8000    0.0236395    0.0000000    0.0011005    0.0005775
   49.9000    0.0236636    0.0000000    0.0010866    0.0005755
   50.0000    0.0235914    0.0000000    0.0010747    0.0005770
   50.1000    0.0236363    0.0000000    0.0010835    0.0005623
   50.2000    0.0235739    0.0000000    0.0010961    0.0005456
   50.3000    0.0236002    0.0000000    0.0011284    0.0005625
   50.4000    0.0236870    0.0000000    0.0011391    0.0005902
   50.5000    0.0237000    0.0000000    0.0011521    0.0005730
   50.6000    0.0237737    0.0000000    0.0011658    0.0005983
   50.7000    0.0237218    0.0000000    0.0011643    0.0006115
   50.8000    0.0237262    0.0000000    0.0011762    0.0005937
   50.9000    0.0237149    0.0000000    0.0011915    0.0006064
   51.0000    0.0236371    0.0000000    0.0011964    0.0005892
   51.1000    0.0235872    0.0000000    0.0011871    0.0005806
   51.2000    0.0235406    0.0000000    0.0011731    0.0006158
   51.3000    0.0236197    0.0000000    0.0011776    0.0006129
   51.4000    0.0234573    0.0000000    0.0011910    0.0006081
   51.5000    0.0234253    0.0000000    0.0011802    0.0006121
   51.6000    0.0234114    0.0000000    0.0012048    0.0006352
   51.7000    0.0233562    0.0000000    0.0012290    0.0006607
   51.8000    0.0232959    0.0000000    0.0012483    0.0006876
   51.9000    0.0233588    0.0000000    0.0012444    0.0006454
   52.0000    0.0232272    0.0000000    0.0012653    0.0006743
   52.1000    0.0233285    0.0000000    0.0012803    0.0006762
   52.2000    0.0232060    0.0000000    0.0012861    0.0006787
   52.3000    0.0232986    0.0000000    0.0013088    0.0006816
   52.4000    0.0233057    0.0000000    0.0013375    0.0006957
   52.5000    0.0233064    0.0000000    0.0013498    0.0006840
   52.6000    0.0233361    0.0000000    0.0013503    0.0006710
   52.7000    0.0234116    0.0000000    0.0013460    0.0006342
   52.8000    0.0233608    0.0000000    0.0013554    0.0006281
   52.9000    0.0234487    0.0000000    0.0013729    0.0006297
   53.0000    0.0234958    0.0000000    0.0013810    0.0006220
   53.1000    0.0235819    0.0000000    0.0013789    0.0006207
   53.2000    0.0236363    0.0000000    0.0013576    0.0006309
   53.3000    0.0239521    0.0000000    0.0013782    0.0006512
   53.4000    0.0238962    0.0000000    0.0013268    0.0006493
   53.5000    0.0237872    0.0000000    0.0013118    0.0006944
   53.6000    0.0238767    0.0000000    0.0013335    0.0006673
   53.7000    0.0238417    0.0000000    0.0013389    0.0006573
   53.8000    0.0238212    0.0000000    0.0013473    0.0006543
   53.9000    0.0236576    0.0000000    0.0013594    0.0006427
   54.0000    0.0236590    0.0000000    0.0013809    0.0006451
   54.1000    0.0235864    0.0000000    0.0013709    0.0006122
   54.2000    0.0236279    0.0000000    0.0013912    0.0005618
   54.3000    0.0236983    0.0000000    0.0013747    0.0005307
   54.4000    0.0236462    0.0000000    0.0014297    0.0005248
   54.5000    0.0236894    0.0000000    0.0014167    0.0005203
   54.6000    0.0236995    0.0000000    0.0013956    0.0005006
   54.7000    0.0236530    0.0000000    0.0013877    0.0005015
   54.8000    0.0236432    0.0000000    0.0013537    0.0004796
   54.9000    0.0237003    0.0000000    0.0013278    0.0004512
   55.0000    0.0237360    0.0000000    0.0013179    0.0004566
   55.1000    0.0236314    0.0000000    0.0013250    0.0004727
   55.2000    0.0236873    0.0000000    0.0012755    0.0004507
   55.3000    0.0237488    0.0000000    0.0012804    0.0004309
   55.4000    0.0236521    0.0000000    0.0012909    0.0004348
   55.5000    0.0237026    0.0000000    0.0012899    0.0004247
   55.6000    0.0237873    0.0000000    0.0013068    0.0004353
   55.7000    0.0237464    0.0000000    0.0013404    0.0004171
   55.8000    0.0237425    0.0000000    0.0013566    0.0004028
   55.9000    0.0237464    0.0000000    0.0013643    0.0004197
   56.0000    0.0237703    0.0000000    0.0013712    0.0004156
   56.1000    0.0237288    0.0000000    0.0013797    0.0004076
   56.2000    0.0238530    0.0000000    0.0013835    0.0004144
   56.3000    0.0238846    0.0000000    0.0013615    0.0004372
   56.4000    0.0237626    0.0000000    0.0013480    0.0004375
   56.5000    0.0238461    0.0000000    0.0013618    0.0004604
   56.6000    0.0238470    0.0000000    0.0013507    0.0004640
   56.7000    0.0238107    0.0000000    0.0013633    0.0004784
   56.8000    0.0237605    0.0000000    0.0013679    0.0005012
   56.9000    0.0237859    0.0000000    0.0013906    0.0005304
   57.0000    0.0237399    0.0000000    0.0013588    0.0005560
   57.1000    0.0237315    0.0000000    0.0013584    0.0005546
   57.2000    0.0238169    0.0000000    0.0013189    0.0005835
   57.3000    0.0237016    0.0000000    0.0012795    0.0006237
   57.4000    0.0236483    0.0000000    0.0012238    0.0006741
   57.5000    0.0235800    0.0000000    0.0011835    0.0007056
   57.6000    0.0234535    0.0000000    0.0011483    0.0007274
   57.7000    0.0235318    0.0000000    0.0011056    0.0007490
   57.8000    0.0234298    0.0000000    0.0010778    0.0007685
   57.9000    0.0234781    0.0000000    0.0010826    0.0007649
   58.0000    0.0235111    0.0000000    0.0010581    0.0007442
   58.1000    0.0233998    0.0000000    0.0010647    0.0007621
   58.2000    0.0233781    0.0000000    0.0010665    0.0007517
   58.3000    0.0232566    0.0000000    0.0010621    0.0007383
   58.4000    0.0232339    0.0000000    0.0010660    0.0007120
   58.5000    0.0232068    0.0000000    0.0010807    0.0007120
   58.6000    0.0231391    0.0000000    0.0011205    0.0007224
   58.7000    0.0231125    0.0000000    0.0011261    0.0007257
   58.8000    0.0230556    0.0000000    0.0011394    0.0007410
   58.9000    0.0231240    0.0000000    0.0011503    0.0007400
   59.0000    0.0230645    0.0000000    0.0011558    0.0007155
   59.1000    0.0230538    0.0000000    0.0011704    0.0006656
   59.2000    0.0230987    0.0000000    0.0011546    0.0006620
   59.3000    0.0230660    0.0000000    0.0011672    0.0006631
   59.4000    0.0229799    0.0000000    0.0011447    0.0006831
   59.5000    0.0229718    0.0000000    0.0011154    0.0006906
   59.6000    0.0229584    0.0000000    0.0011058    0.0006808
   59.7000    0.0230409    0.0000000    0.0010918    0.0006432
   59.8000    0.0229471    0.0000000    0.0011118    0.0006463
   59.9000    0.0229130    0.0000000    0.0011447    0.0006562
   60.0000    0.0229253    0.0000000    0.0011936    0.0006515
   60.1000    0.0228682    0.0000000    0.0011990    0.0006531
   60.2000    0.0228795    0.0000000    0.0012526    0.0006634
   60.3000    0.0227959    0.0000000    0.0012692    0.0006711
   60.4000    0.0228317    0.0000000    0.0012945    0.0007082
   60.5000    0.0227732    0.0000000    0.0013206    0.0007444
   60.6000    0.0226857    0.0000000    0.0013373    0.0007494
   60.7000    0.0226050    0.0000000    0.0013678    0.0007240
   60.8000    0.0225410    0.0000000    0.0013716    0.0007018
   60.9000    0.0224480    0.0000000    0.0013462    0.0007297
   61.0000    0.0224305    0.0000000    0.0013151    0.0007251
   61.1000    0.0225780    0.0000000    0.0013117    0.0007231
   61.2000    0.0227177    0.0000000    0.0012956    0.0007281
   61.3000    0.0227530    0.0000000    0.0012382    0.0007261
   61.4000    0.0227956    0.0000000    0.0012319    0.0007355
   61.5000    0.0227218    0.0000000    0.0012216    0.0007143
   61.6000    0.0227906    0.0000000    0.0012388    0.0007092
   61.7000    0.0228084    0.0000000    0.0012425    0.0006942
   61.8000    0.0228781    0.0000000    0.0012328    0.0007311
   61.9000    0.0230333    0.0000000    0.0012587    0.0007170
   62.0000    0.0230373    0.0000000    0.0012434    0.0006890
   62.1000    0.0231427    0.0000000    0.0012589    0.0007130
   62.2000    0.0233315    0.0000000    0.0012565    0.0007089
   62.3000    0.0234496    0.0000000    0.0012414    0.0006687
   62.4000    0.0234235    0.0000000    0.0012221    0.0006521
   62.5000    0.0235027    0.0000000    0.0012454    0.0006473
   62.6000    0.0234374    0.0000000    0.0012332    0.0006133
   62.7000    0.0234102    0.0000000    0.0012429    0.0005665
   62.8000    0.0235091    0.0000000    0.0012484    0.0005796
   62.9000    0.0234844    0.0000000    0.0012379    0.0005833
   63.0000    0.0234524    0.0000000    0.0012448    0.0005751
   63.1000    0.0234748    0.0000000    0.0012364    0.0005685
   63.2000    0.0235194    0.0000000    0.0012186    0.0005464
   63.3000    0.0235413    0.0000000    0.0012122    0.0005345
   63.4000    0.0236354    0.0000000    0.0011950    0.0005229
   63.5000    0.0236742    0.0000000    0.0011972    0.0005210
   63.6000    0.0237233    0.0000000    0.0011646    0.0004988
   63.7000    0.0236511    0.0000000    0.0011855    0.0005082
   63.8000    0.0237375    0.0000000    0.0011831    0.0005066
   63.9000    0.0237083    0.0000000    0.0011742    0.0005051
   64.0000    0.0236999    0.0000000    0.0011889    0.0005066
   64.1000    0.0239368    0.0000000    0.0011476    0.0005335
   64.2000    0.0239665    0.0000000    0.0011676    0.0005708
   64.3000    0.0240805    0.0000000    0.0011212    0.0005681
   64.4000    0.0240046    0.0000000    0.0011231    0.0005843
   64.5000    0.0240449    0.0000000    0.0011187    0.0005786
   64.6000    0.0239920    0.0000000    0.0011027    0.0005824
   64.7000    0.0241091    0.0000000    0.0010930    0.0006041
   64.8000    0.0240525    0.0000000    0.0010926    0.0005921
   64.9000    0.0240330    0.0000000    0.0011294    0.0005889
   65.0000    0.0240928    0.0000000    0.0011320    0.0005980
   65.1000    0.0240923    0.0000000    0.0011361    0.0005973
   65.2000    0.0240852    0.0000000    0.0011447    0.0005971
   65.3000    0.0241200    0.0000000    0.0011692    0.0005828
   65.4000    0.0241197    0.0000000    0.0011724    0.0005886
   65.5000    0.0240261    0.0000000    0.0011608    0.0005994
   65.6000    0.0240504    0.0000000    0.0011716    0.0005855
   65.7000    0.0241473    0.0000000    0.0011494    0.0005671
   65.8000    0.0242586    0.0000000    0.0011552    0.0005450
   65.9000    0.0242449    0.0000000    0.0011299    0.0005611
   66.0000    0.0242277    0.0000000    0.0011073    0.0005568
   66.1000    0.0243064    0.0000000    0.0011168    0.0005544
   66.2000    0.0243838    0.0000000    0.0011067    0.0005311
   66.3000    0.0244375    0.0000000    0.0010868    0.0005244
   66.4000    0.0245262    0.0000000    0.0010733    0.0005217
   66.5000    0.0245029    0.0000000    0.0011057    0.0005168
   66.6000    0.0245005    0.0000000    0.0011036    0.0005141
   66.7000    0.0245158    0.0000000    0.0011133    0.0005022
   66.8000    0.0243592    0.0000000    0.0010969    0.0005289
   66.9000    0.0244475    0.0000000    0.0010838    0.0005290
   67.0000    0.0243436    0.0000000    0.0010716    0.0005256
   67.1000    0.0242926    0.0000000    0.0010686    0.0005309
   67.2000    0.0243848    0.0000000    0.0010561    0.0005219
   67.3000    0.0243668    0.0000000    0.0010647    0.0005380
   67.4000    0.0243324    0.0000000    0.0010475    0.0005247
   67.5000    0.0243655    0.0000000    0.0010691    0.0005416
   67.6000    0.0243966    0.0000000    0.0010426    0.0005619
   67.7000    0.0243918    0.0000000    0.0010166    0.0005419
   67.8000    0.0244353    0.0000000    0.0009837    0.0005831
   67.9000    0.0243437    0.0000000    0.0009658    0.0005927
   68.0000    0.0244735    0.0000000    0.0009745    0.0006150
   68.1000    0.0244260    0.0000000    0.0009604    0.0006248
   68.2000    0.0243663    0.0000000    0.0009591    0.0006468
   68.3000    0.0244408    0.0000000    0.0009642    0.0006294
   68.4000    0.0245734    0.0000000    0.0009383    0.0006337
   68.5000    0.0246395    0.0000000    0.0009501    0.0006356
   68.6000    0.0246372    0.0000000    0.0009629    0.0006518
   68.7000    0.0248462    0.0000000    0.0009792    0.0006315
   68.8000    0.0249323    0.0000000    0.0009842    0.0006455
   68.9000    0.0249799    0.0000000    0.0009773    0.0006355
   69.0000    0.0251673    0.0000000    0.0010077    0.0006191
   69.1000    0.0251306    0.0000000    0.0010100    0.0005999
   69.2000    0.0250988    0.0000000    0.0010323    0.0005887
   69.3000    0.0251365    0.0000000    0.0010581    0.0005673
   69.4000    0.0251261    0.0000000    0.0010844    0.0005469
   69.5000    0.0251146    0.0000000    0.0011276    0.0005176
   69.6000    0.0251631    0.0000000    0.0011479    0.0004815
   69.7000    0.0251425    0.0000000    0.0011829    0.0004807
   69.8000    0.0251590    0.0000000    0.0012019    0.0004628
   69.9000    0.0252809    0.0000000    0.0012257    0.0004623
   70.0000    0.0252139    0.0000000    0.0012278    0.0004633
   70.1000    0.0252528    0.0000000    0.0012311    0.0004677
   70.2000    0.0252787    0.0000000    0.0012132    0.0004799
   70.3000    0.0251230    0.0000000    0.0012276    0.0004659
   70.4000    0.0251305    0.0000000    0.0012406    0.0004480
   70.5000    0.0250518    0.0000000    0.0013011    0.0004288
   70.6000    0.0251177    0.0000000    0.0012824    0.0003929
   70.7000    0.0250843    0.0000000    0.0013210    0.0003959
   70.8000    0.0251428    0.0000000    0.0013122    0.0004091
   70.9000    0.0250261    0.0000000    0.0013243    0.0004014
   71.0000    0.0251987    0.0000000    0.0013210    0.0003940
   71.1000    0.0251358    0.0000000    0.0013090    0.0003835
   71.2000    0.0251951    0.0000000    0.0013021    0.0003739
   71.3000    0.0252663    0.0000000    0.0013290    0.0003684
   71.4000    0.0252452    0.0000000    0.0013346    0.0003669
   71.5000    0.0251389    0.0000000    0.0013281    0.0003529
   71.6000    0.0251749    0.0000000    0.0013690    0.0003409
   71.7000    0.0250044    0.0000000    0.0013523    0.0003303
   71.8000    0.0249085    0.0000000    0.0014031    0.0003176
   71.9000    0.0247151    0.0000000    0.0013997    0.0003007
   72.0000    0.0246751    0.0000000    0.0013965    0.0002896
   72.1000    0.0245817    0.0000000    0.0014067    0.0002805
   72.2000    0.0245765    0.0000000    0.0014168    0.0002639
   72.3000    0.0245098    0.0000000    0.0014041    0.0002639
   72.4000    0.0243883    0.0000000    0.0014168    0.0002737
   72.5000    0.0242777    0.0000000    0.0014268    0.0002839
   72.6000    0.0240971    0.0000000    0.0014285    0.0002984
   72.7000    0.0240074    0.0000000    0.0014669    0.0003054
   72.8000    0.0238388    0.0000000    0.0014761    0.0003072
   72.9000    0.0236628    0.0000000    0.0015012    0.0003371
   73.0000    0.0235078    0.0000000    0.0015068    0.0003656
   73.1000    0.0234137    0.0000000    0.0015520    0.0003780
   73.2000    0.0232402    0.0000000    0.0015806    0.0003967
   73.3000    0.0230111    0.0000000    0.0015983    0.0004072
   73.4000    0.0227681    0.0000000    0.0016258    0.0004096
   73.5000    0.0225380    0.0000000    0.0016438    0.0004029
   73.6000    0.0223872    0.0000000    0.0016460    0.0003966
   73.7000    0.0221091    0.0000004    0.0016710    0.0004076
   73.8000    0.0220015    0.0000003    0.0016729    0.0004465
   73.9000    0.0217839    0.0000005    0.0016918    0.0004749
   74.0000    0.0217385    0.0000014    0.0016934    0.0004894
   74.1000    0.0215506    0.0000025    0.0016881    0.0005577
   74.2000    0.0213468    0.0000039    0.0016729    0.0006167
   74.3000    0.0212317    0.0000053    0.0016720    0.0006620
   74.4000    0.0210989    0.0000083    0.0017092    0.0007144
   74.5000    0.0209953    0.0000104    0.0016729    0.0007619
   74.6000    0.0208242    0.0000132    0.0016747    0.0007967
   74.7000    0.0206419    0.0000178    0.0016693    0.0008371
   74.8000    0.0204742    0.0000208    0.0016539    0.0009002
   74.9000    0.0203857    0.0000238    0.0016578    0.0009319
   75.0000    0.0203258    0.0000337    0.0016524    0.0009919
   75.1000    0.0202838    0.0000372    0.0016551    0.0010605
   75.2000    0.0201712    0.0000484    0.0016399    0.0011254
   75.3000    0.0200505    0.0000531    0.0016647    0.0011467
   75.4000    0.0199998    0.0000575    0.0016767    0.0011893
   75.5000    0.0198229    0.0000639    0.0016547    0.0011709
   75.6000    0.0197459    0.0000669    0.0016526    0.0012204
   75.7000    0.0196395    0.0000763    0.0016623    0.0012129
   75.8000    0.0194961    0.0000869    0.0016255    0.0011792
   75.9000    0.0193702    0.0000904    0.0016095    0.0011835
   76.0000    0.0193641    0.0001005    0.0015617    0.0011831
   76.1000    0.0192573    0.0001151    0.0015311    0.0011857
   76.2000    0.0190503    0.0001293    0.0014932    0.0012396
   76.3000    0.0189333    0.0001516    0.0014509    0.0012547
   76.4000    0.0187639    0.0001907    0.0014036    0.0012345
   76.5000    0.0186384    0.0002478    0.0013542    0.0012194
   76.6000    0.0184221    0.0002785    0.0013126    0.0011916
   76.7000    0.0183243    0.0003292    0.0012807    0.0011748
   76.8000    0.0183740    0.0003658    0.0012325    0.0011535
   76.9000    0.0181560    0.0004243    0.0012202    0.0010777
   77.0000    0.0180938    0.0004826    0.0011877    0.0010688
   77.1000    0.0181139    0.0005296    0.0011511    0.0010167
   77.2000    0.0180065    0.0005587    0.0011066    0.0009978
   77.3000    0.0180653    0.0006207    0.0010973    0.0010044
   77.4000    0.0179378    0.0006373    0.0010736    0.0009838
   77.5000    0.0178448    0.0007030    0.0010085    0.0009165
   77.6000    0.0177697    0.0007916    0.0009838    0.0008619
   77.7000    0.0176895    0.0008410    0.0009283    0.0008040
   77.8000    0.0175964    0.0009158    0.0008919    0.0007512
   77.9000    0.0174407    0.0010101    0.0008363    0.0006960
   78.0000    0.0173822    0.0011080    0.0007989    0.0006422
   78.1000    0.0171360    0.0012056    0.0007411    0.0006068
   78.2000    0.0168700    0.0013295    0.0006910    0.0005864
   78.3000    0.0166895    0.0014435    0.0006299    0.0005544
   78.4000    0.0165006    0.0015862    0.0005912    0.0004946
   78.5000    0.0161937    0.0016234    0.0005447    0.0004332
   78.6000    0.0159791    0.0016497    0.0005098    0.0004094
   78.7000    0.0157442    0.0017264    0.0004626    0.0003775
   78.8000    0.0152783    0.0018781    0.0004229    0.0003291
   78.9000    0.0149368    0.0020143    0.0003876    0.0002995
   79.0000    0.0145164    0.0020872    0.0003549    0.0002565
   79.1000    0.0141090    0.0022387    0.0003226    0.0002412
   79.2000    0.0135399    0.0023928    0.0002968    0.0002030
   79.3000    0.0131241    0.0025175    0.0002696    0.0001803
   79.4000    0.0125281    0.0026438    0.0002402    0.0001453
   79.5000    0.0119642    0.0028036    0.0002134    0.0001244
   79.6000    0.0115446    0.0029408    0.0001897    0.0001133
   79.7000    0.0110366    0.0031006    0.0001643    0.0000956
   79.8000    0.0103873    0.0033110    0.0001460    0.0000732
   79.9000    0.0098538    0.0034897    0.0001260    0.0000678
   80.0000    0.0093146    0.0036866    0.0001166    0.0000664
   80.1000    0.0088319    0.0038640    0.0001066    0.0000592
   80.2000    0.0082679    0.0040425    0.0000956    0.0000554
   80.3000    0.0076610    0.0040959    0.0000899    0.0000541
   80.4000    0.0071808    0.0042159    0.0000834    0.0000438
   80.5000    0.0067003    0.0043376    0.0000751    0.0000374
   80.6000    0.0061724    0.0044998    0.0000782    0.0000258
   80.7000    0.0057813    0.0046513    0.0000705    0.0000174
   80.8000    0.0053092    0.0048291    0.0000605    0.0000117
   80.9000    0.0048796    0.0049769    0.0000570    0.0000080
   81.0000    0.0044465    0.0051535    0.0000486    0.0000053
   81.1000    0.0040613    0.0053675    0.0000421    0.0000045
   81.2000    0.0036385    0.0055529    0.0000378    0.0000045
   81.3000    0.0033180    0.0057336    0.0000339    0.0000020
   81.4000    0.0029769    0.0058479    0.0000227    0.0000017
   81.5000    0.0027174    0.0060193    0.0000207    0.0000011
   81.6000    0.0024113    0.0061806    0.0000157    0.0000013
   81.7000    0.0021540    0.0063365    0.0000114    0.0000006
   81.8000    0.0019129    0.0064884    0.0000093    0.0000000
   81.9000    0.0017210    0.0065518    0.0000071    0.0000000
   82.0000    0.0015273    0.0067212    0.0000048    0.0000000
   82.1000    0.0013878    0.0067996    0.0000047    0.0000000
   82.2000    0.0012282    0.0068840    0.0000042    0.0000000
   82.3000    0.0010641    0.0069781    0.0000032    0.0000000
   82.4000    0.0009384    0.0070828    0.0000028    0.0000000
   82.5000    0.0008469    0.0071256    0.0000013    0.0000000
   82.6000    0.0007627    0.0071570    0.0000013    0.0000000
   82.7000    0.0006672    0.0071672    0.0000006    0.0000000
   82.8000    0.0005964    0.0071527    0.0000000    0.0000000
   82.9000    0.0004969    0.0072311    0.0000002    0.0000000
   83.0000    0.0004206    0.0072262    0.0000005    0.0000000
   83.1000    0.0003703    0.0072022    0.0000004    0.0000000
   83.2000    0.0003184    0.0071363    0.0000002    0.0000000
   83.3000    0.0002689    0.0070614    0.0000004    0.0000000
   83.4000    0.0002280    0.0069101    0.0000000    0.0000000
   83.5000    0.0002013    0.0068590    0.0000001    0.0000000
   83.6000    0.0001681    0.0068312    0.0000000    0.0000000
   83.7000    0.0001306    0.0067258    0.0000000    0.0000000
   83.8000    0.0001018    0.0066130    0.0000000    0.0000000
   83.9000    0.0000939    0.0065384    0.0000000    0.0000000
   84.0000    0.0000781    0.0064478    0.0000000    0.0000000
   84.1000    0.0000524    0.0063247    0.0000000    0.0000000
   84.2000    0.0000360    0.0062186    0.0000000    0.0000000
   84.3000    0.0000289    0.0060628    0.0000000    0.0000000
   84.4000    0.0000242    0.0059189    0.0000000    0.0000000
   84.5000    0.0000171    0.0057924    0.0000000    0.0000000
   84.6000    0.0000148    0.0057075    0.0000000    0.0000000
   84.7000    0.0000108    0.0055986    0.0000000    0.0000000
   84.8000    0.0000074    0.0055968    0.0000000    0.0000000
   84.9000    0.0000060    0.0055392    0.0000000    0.0000000
   85.0000    0.0000044    0.0054880    0.0000000    0.0000000
   85.1000    0.0000030    0.0054821    0.0000000    0.0000000
   85.2000    0.0000019    0.0055071    0.0000000    0.0000000
   85.3000    0.0000004    0.0055253    0.0000000    0.0000000
   85.4000    0.0000001    0.0056025    0.0000000    0.0000000
   85.5000    0.0000000    0.0057306    0.0000000    0.0000000
   85.6000    0.0000000    0.0057353    0.0000000    0.0000000
   85.7000    0.0000000    0.0057807    0.0000000    0.0000000
   85.8000    0.0000000    0.0059010    0.0000000    0.0000000
   85.9000    0.0000000    0.0060448    0.0000000    0.0000000
   86.0000    0.0000000    0.0062021    0.0000000    0.0000000
   86.1000    0.0000000    0.0063711    0.0000000    0.0000000
   86.2000    0.0000000    0.0065004    0.0000000    0.0000000
   86.3000    0.0000000    0.0065173    0.0000000    0.0000000
   86.4000    0.0000000    0.0065627    0.0000000    0.0000000
   86.5000    0.0000000    0.0066745    0.0000000    0.0000000
   86.6000    0.0000000    0.0067673    0.0000000    0.0000000
   86.7000    0.0000000    0.0067713    0.0000000    0.0000000
   86.8000    0.0000000    0.0068779    0.0000000    0.0000000
   86.9000    0.0000000    0.0069382    0.0000000    0.0000000
   87.0000    0.0000000    0.0068769    0.0000000    0.0000000
   87.1000    0.0000000    0.0068243    0.0000000    0.0000000
   87.2000    0.0000000    0.0068554    0.0000000    0.0000000
   87.3000    0.0000000    0.0068426    0.0000000    0.0000000
   87.4000    0.0000000    0.0068765    0.0000000    0.0000000
   87.5000    0.0000000    0.0068988    0.0000000    0.0000000
   87.6000    0.0000000    0.0069061    0.0000000    0.0000000
   87.7000    0.0000000    0.0069144    0.0000000    0.0000000
   87.8000    0.0000000    0.0070307    0.0000000    0.0000000
   87.9000    0.0000000    0.0069866    0.0000000    0.0000000
   88.0000    0.0000000    0.0069984    0.0000000    0.0000000
   88.1000    0.0000000    0.0069134    0.0000000    0.0000000
   88.2000    0.0000000    0.0068593    0.0000000    0.0000000
   88.3000    0.0000000    0.0068371    0.0000000    0.0000000
   88.4000    0.0000000    0.0066987    0.0000000    0.0000000
   88.5000    0.0000000    0.0066206    0.0000000    0.0000000
   88.6000    0.0000000    0.0065836    0.0000000    0.0000000
   88.7000    0.0000000    0.0065178    0.0000000    0.0000000
   88.8000    0.0000000    0.0063093    0.0000000    0.0000000
   88.9000    0.0000000    0.0061329    0.0000000    0.0000000
   89.0000    0.0000000    0.0061134    0.0000000    0.0000000
   89.1000    0.0000000    0.0060951    0.0000000    0.0000000
   89.2000    0.0000000    0.0060607    0.0000000    0.0000000
   89.3000    0.0000000    0.0060486    0.0000000    0.0000000
   89.4000    0.0000000    0.0059737    0.0000000    0.0000000
   89.5000    0.0000000    0.0059901    0.0000000    0.0000000
   89.6000    0.0000000    0.0059746    0.0000000    0.0000000
   89.7000    0.0000000    0.0058979    0.0000000    0.0000000
   89.8000    0.0000000    0.0058407    0.0000000    0.0000000
   89.9000    0.0000000    0.0058211    0.0000000    0.0000000
   90.0000    0.0000000    0.0058991    0.0000000    0.0000000
   90.1000    0.0000000    0.0058734    0.0000000    0.0000000
   90.2000    0.0000000    0.0058279    0.0000000    0.0000000
   90.3000    0.0000000    0.0058778    0.0000000    0.0000000
   90.4000    0.0000000    0.0058930    0.0000000    0.0000000
   90.5000    0.0000000    0.0059690    0.0000000    0.0000000
   90.6000    0.0000000    0.0059664    0.0000000    0.0000000
   90.7000    0.0000000    0.0060240    0.0000000    0.0000000
   90.8000    0.0000000    0.0061017    0.0000000    0.0000000
   90.9000    0.0000000    0.0061342    0.0000000    0.0000000
   91.0000    0.0000000    0.0063521    0.0000000    0.0000000
   91.1000    0.0000000    0.0064295    0.0000000    0.0000000
   91.2000    0.0000000    0.0065050    0.0000000    0.0000000
   91.3000    0.0000000    0.0065869    0.0000000    0.0000000
   91.4000    0.0000000    0.0066317    0.0000000    0.0000000
   91.5000    0.0000000    0.0066802    0.0000000    0.0000000
   91.6000    0.0000000    0.0067773    0.0000000    0.0000000
   91.7000    0.0000000    0.0067179    0.0000000    0.0000000
   91.8000    0.0000000    0.0066743    0.0000000    0.0000000
   91.9000    0.0000000    0.0067406    0.0000000    0.0000000
   92.0000    0.0000000    0.0067649    0.0000000    0.0000000
   92.1000    0.0000000    0.0068503    0.0000000    0.0000000
   92.2000    0.0000000    0.0068195    0.0000000    0.0000000
   92.3000    0.0000000    0.0068600    0.0000000    0.0000000
   92.4000    0.0000000    0.0069451    0.0000000    0.0000000
   92.5000    0.0000000    0.0068849    0.0000000    0.0000000
   92.6000    0.0000000    0.0068393    0.0000000    0.0000000
   92.7000    0.0000000    0.0068749    0.0000000    0.0000000
   92.8000    0.0000000    0.0068077    0.0000000    0.0000000
   92.9000    0.0000000    0.0067632    0.0000000    0.0000000
   93.0000    0.0000000    0.0066861    0.0000000    0.0000000
   93.1000    0.0000000    0.0066712    0.0000000    0.0000000
   93.2000    0.0000000    0.0066132    0.0000000    0.0000000
   93.3000    0.0000000    0.0065420    0.0000000    0.0000000
   93.4000    0.0000000    0.0064450    0.0000000    0.0000000
   93.5000    0.0000000    0.0063288    0.0000000    0.0000000
   93.6000    0.0000000    0.0062740    0.0000000    0.0000000
   93.7000    0.0000000    0.0061349    0.0000000    0.0000000
   93.8000    0.0000000    0.0059247    0.0000000    0.0000000
   93.9000    0.0000000    0.0058085    0.0000000    0.0000000
   94.0000    0.0000000    0.0058124    0.0000000    0.0000000
   94.1000    0.0000000    0.0057674    0.0000000    0.0000000
   94.2000    0.0000000    0.0057810    0.0000000    0.0000000
   94.3000    0.0000000    0.0058465    0.0000000    0.0000000
   94.4000    0.0000000    0.0058759    0.0000000    0.0000000
   94.5000    0.0000000    0.0058073    0.0000000    0.0000000
   94.6000    0.0000000    0.0057865    0.0000000    0.0000000
   94.7000    0.0000000    0.0058705    0.0000000    0.0000000
   94.8000    0.0000000    0.0059478    0.0000000    0.0000000
   94.9000    0.0000000    0.0060023    0.0000000    0.0000000
   95.0000    0.0000000    0.0000000    0.0000000    0.0000000
   95.1000    0.0000000    0.0000000    0.0000000    0.0000000
   95.2000    0.0000000    0.0000000    0.0000000    0.0000000
   95.3000    0.0000000    0.0000000    0.0000000    0.0000000
   95.4000    0.0000000    0.0000000    0.0000000    0.0000000
   95.5000    0.0000000    0.0000000    0.0000000    0.0000000
   95.6000    0.0000000    0.0000000    0.0000000    0.0000000
   95.7000    0.0000000    0.0000000    0.0000000    0.0000000
   95.8000    0.0000000    0.0000000    0.0000000    0.0000000
   95.9000    0.0000000    0.0000000    0.0000000    0.0000000
   96.0000    0.0000000    0.0000000    0.0000000    0.0000000
   96.1000    0.0000000    0.0000000    0.0000000    0.0000000
   96.2000    0.0000000    0.0000000    0.0000000    0.0000000
   96.3000    0.0000000    0.0000000    0.0000000    0.0000000
   96.4000    0.0000000    0.0000000    0.0000000    0.0000000
   96.5000    0.0000000    0.0000000    0.0000000    0.0000000
   96.6000    0.0000000    0.0000000    0.0000000    0.0000000
   96.7000    0.0000000    0.0000000    0.0000000    0.0000000
   96.8000    0.0000000    0.0000000    0.0000000    0.0000000
   96.9000    0.0000000    0.0000000    0.0000000    0.0000000
   97.0000    0.0000000    0.0000000    0.0000000    0.0000000
   97.1000    0.0000000    0.0000000    0.0000000    0.0000000
   97.2000    0.0000000    0.0000000    0.0000000    0.0000000
   97.3000    0.0000000    0.0000000    0.0000000    0.0000000
   97.4000    0.0000000    0.0000000    0.0000000    0.0000000
   97.5000    0.0000000    0.0000000    0.0000000    0.0000000
   97.6000    0.0000000    0.0000000    0.0000000    0.0000000
   97.7000    0.0000000    0.0000000    0.0000000    0.0000000
   97.8000    0.0000000    0.0000000    0.0000000    0.0000000
   97.9000    0.0000000    0.0000000    0.0000000    0.0000000
   98.0000    0.0000000    0.0000000    0.0000000    0.0000000
   98.1000    0.0000000    0.0000000    0.0000000    0.0000000
   98.2000    0.0000000    0.0000000    0.0000000    0.0000000
   98.3000    0.0000000    0.0000000    0.0000000    0.0000000
   98.4000    0.0000000    0.0000000    0.0000000    0.0000000
   98.5000    0.0000000    0.0000000    0.0000000    0.0000000
   98.6000    0.0000000    0.0000000    0.0000000    0.0000000
   98.7000    0.0000000    0.0000000    0.0000000    0.0000000
   98.8000    0.0000000    0.0000000    0.0000000    0.0000000
   98.9000    0.0000000    0.0000000    0.0000000    0.0000000
   99.0000    0.0000000    0.0000000    0.0000000    0.0000000
   99.1000    0.0000000    0.0000000    0.0000000    0.0000000
   99.2000    0.0000000    0.0000000    0.0000000    0.0000000
   99.3000    0.0000000    0.0000000    0.0000000    0.0000000
   99.4000    0.0000000    0.0000000    0.0000000    0.0000000
   99.5000    0.0000000    0.0000000    0.0000000    0.0000000
   99.6000    0.0000000    0.0000000    0.0000000    0.0000000
   99.7000    0.0000000    0.0000000    0.0000000    0.0000000
   99.8000    0.0000000    0.0000000    0.0000000    0.0000000
   99.9000    0.0000000    0.0000000    0.0000000    0.0000000
  100.0000    0.0000000    0.0000000    0.0000000    0.0000000
  100.1000    0.0000000    0.0000000    0.0000000    0.0000000
  100.2000    0.0000000    0.0000000    0.0000000    0.0000000
  100.3000    0.0000000    0.0000000    0.0000000    0.0000000
  100.4000    0.0000000    0.0000000    0.0000000    0.0000000
  100.5000    0.0000000    0.0000000    0.0000000    0.0000000
  100.6000    0.0000000    0.0000000    0.0000000    0.0000000
  100.7000    0.0000000    0.0000000    0.0000000    0.0000000
  100.8000    0.0000000    0.0000000    0.0000000    0.0000000
  100.9000    0.0000000    0.0000000    0.0000000    0.0000000
  101.0000    0.0000000    0.0000000    0.0000000    0.0000000
  101.1000    0.0000000    0.0000000    0.0000000    0.0000000
  101.2000    0.0000000    0.0000000    0.0000000    0.0000000
  101.3000    0.0000000    0.0000000    0.0000000    0.0000000
  101.4000    0.0000000    0.0000000    0.0000000    0.0000000
  101.5000    0.0000000    0.0000000    0.0000000    0.0000000
  101.6000    0.0000000    0.0000000    0.0000000    0.0000000
  101.7000    0.0000000    0.0000000    0.0000000    0.0000000
  101.8000    0.0000000    0.0000000    0.0000000    0.0000000
  101.9000    0.0000000    0.0000000    0.0000000    0.0000000
  102.0000    0.0000000    0.0000000    0.0000000    0.0000000
  102.1000    0.0000000    0.0000000    0.0000000    0.0000000
  102.2000    0.0000000    0.0000000    0.0000000    0.0000000
  102.3000    0.0000000    0.0000000    0.0000000    0.0000000
  102.4000    0.0000000    0.0000000    0.0000000    0.0000000
  102.5000    0.0000000    0.0000000    0.0000000    0.0000000
  102.6000    0.0000000    0.0000000    0.0000000    0.0000000
  102.7000    0.0000000    0.0000000    0.0000000    0.0000000
  102.8000    0.0000000    0.0000000    0.0000000    0.0000000
  102.9000    0.0000000    0.0000000    0.0000000    0.0000000
  103.0000    0.0000000    0.0000000    0.0000000    0.0000000
  103.1000    0.0000000    0.0000000    0.0000000    0.0000000
  103.2000    0.0000000    0.0000000    0.0000000    0.0000000
  103.3000    0.0000000    0.0000000    0.0000000    0.0000000
  103.4000    0.0000000    0.0000000    0.0000000    0.0000000
  103.5000    0.0000000    0.0000000    0.0000000    0.0000000
  103.6000    0.0000000    0.0000000    0.0000000    0.0000000
  103.7000    0.0000000    0.0000000    0.0000000    0.0000000
  103.8000    0.0000000    0.0000000    0.0000000    0.0000000
  103.9000    0.0000000    0.0000000    0.0000000    0.0000000
  104.0000    0.0000000    0.0000000    0.0000000    0.0000000
  104.1000    0.0000000    0.0000000    0.0000000    0.0000000
  104.2000    0.0000000    0.0000000    0.0000000    0.0000000
  104.3000    0.0000000    0.0000000    0.0000000    0.0000000
  104.4000    0.0000000    0.0000000    0.0000000    0.0000000
  104.5000    0.0000000    0.0000000    0.0000000    0.0000000
  104.6000    0.0000000    0.0000000    0.0000000    0.0000000
  104.7000    0.0000000    0.0000000    0.0000000    0.0000000
  104.8000    0.0000000    0.0000000    0.0000000    0.0000000
  104.9000    0.0000000    0.0000000    0.0000000    0.0000000
  105.0000    0.0000000    0.0000000    0.0000000    0.0000000
  105.1000    0.0000000    0.0000000    0.0000000    0.0000000
  105.2000    0.0000000    0.0000000    0.0000000    0.0000000
  105.3000    0.0000000    0.0000000    0.0000000    0.0000000
  105.4000    0.0000000    0.0000000    0.0000000    0.0000000
  105.5000    0.0000000    0.0000000    0.0000000    0.0000000
  105.6000    0.0000000    0.0000000    0.0000000    0.0000000
  105.7000    0.0000000    0.0000000    0.0000000    0.0000000
  105.8000    0.0000000    0.0000000    0.0000000    0.0000000
  105.9000    0.0000000    0.0000000    0.0000000    0.0000000
  106.0000    0.0000000    0.0000000    0.0000000    0.0000000
  106.1000    0.0000000    0.0000000    0.0000000    0.0000000
  106.2000    0.0000000    0.0000000    0.0000000    0.0000000
  106.3000    0.0000000    0.0000000    0.0000000    0.0000000
  106.4000    0.0000000    0.0000000    0.0000000    0.0000000
  106.5000    0.0000000    0.0000000    0.0000000    0.0000000
  106.6000    0.0000000    0.0000000    0.0000000    0.0000000
  106.7000    0.0000000    0.0000000    0.0000000    0.0000000
  106.8000    0.0000000    0.0000000    0.0000000    0.0000000
  106.9000    0.0000000    0.0000000    0.0000000    0.0000000
  107.0000    0.0000000    0.0000000    0.0000000    0.0000000
  107.1000    0.0000000    0.0000000    0.0000000    0.0000000
  107.2000    0.0000000    0.0000000    0.0000000    0.0000000
  107.3000    0.0000000    0.0000000    0.0000000    0.0000000
  107.4000    0.0000000    0.0000000    0.0000000    0.0000000
  107.5000    0.0000000    0.0000000    0.0000000    0.0000000
  107.6000    0.0000000    0.0000000    0.0000000    0.0000000
  107.7000    0.0000000    0.0000000    0.0000000    0.0000000
  107.8000    0.0000000    0.0000000    0.0000000    0.0000000
  107.9000    0.0000000    0.0000000    0.0000000    0.0000000
  108.0000    0.0000000    0.0000000    0.0000000    0.0000000
  108.1000    0.0000000    0.0000000    0.0000000    0.0000000
  108.2000    0.0000000    0.0000000    0.0000000    0.0000000
  108.3000    0.0000000    0.0000000    0.0000000    0.0000000
  108.4000    0.0000000    0.0000000    0.0000000    0.0000000
  108.5000    0.0000000    0.0000000    0.0000000    0.0000000
  108.6000    0.0000000    0.0000000    0.0000000    0.0000000
  108.7000    0.0000000    0.0000000    0.0000000    0.0000000
  108.8000    0.0000000    0.0000000    0.0000000    0.0000000
  108.9000    0.0000000    0.0000000    0.0000000    0.0000000
  109.0000    0.0000000    0.0000000    0.0000000    0.0000000
  109.1000    0.0000000    0.0000000    0.0000000    0.0000000
  109.2000    0.0000000    0.0000000    0.0000000    0.0000000
  109.3000    0.0000000    0.0000000    0.0000000    0.0000000
  109.4000    0.0000000    0.0000000    0.0000000    0.0000000
  109.5000    0.0000000    0.0000000    0.0000000    0.0000000
  109.6000    0.0000000    0.0000000    0.0000000    0.0000000
  109.7000    0.0000000    0.0000000    0.0000000    0.0000000
  109.8000    0.0000000    0.0000000    0.0000000    0.0000000
  109.9000    0.0000000    0.0000000    0.0000000    0.0000000
  110.0000    0.0000000    0.0000000    0.0000000    0.0000000
  110.1000    0.0000000    0.0000000    0.0000000    0.0000000
  110.2000    0.0000000    0.0000000    0.0000000    0.0000000
  110.3000    0.0000000    0.0000000    0.0000000    0.0000000
  110.4000    0.0000000    0.0000000    0.0000000    0.0000000
  110.5000    0.0000000    0.0000000    0.0000000    0.0000000
  110.6000    0.0000000    0.0000000    0.0000000    0.0000000
  110.7000    0.0000000    0.0000000    0.0000000    0.0000000
  110.8000    0.0000000    0.0000000    0.0000000    0.0000000
  110.9000    0.0000000    0.0000000    0.0000000    0.0000000
  111.0000    0.0000000    0.0000000    0.0000000    0.0000000
  111.1000    0.0000000    0.0000000    0.0000000    0.0000000
  111.2000    0.0000000    0.0000000    0.0000000    0.0000000
  111.3000    0.0000000    0.0000000    0.0000000    0.0000000
  111.4000    0.0000000    0.0000000    0.0000000    0.0000000
  111.5000    0.0000000    0.0000000    0.0000000    0.0000000
  111.6000    0.0000000    0.0000000    0.0000000    0.0000000
  111.7000    0.0000000    0.0000000    0.0000000    0.0000000
  111.8000    0.0000000    0.0000000    0.0000000    0.0000000
  111.9000    0.0000000    0.0000000    0.0000000    0.0000000
  112.0000    0.0000000    0.0000000    0.0000000    0.0000000
  112.1000    0.0000000    0.0000000    0.0000000    0.0000000
  112.2000    0.0000000    0.0000000    0.0000000    0.0000000
  112.3000    0.0000000    0.0000000    0.0000000    0.0000000
  112.4000    0.0000000    0.0000000    0.0000000    0.0000000
  112.5000    0.0000000    0.0000000    0.0000000    0.0000000
  112.6000    0.0000000    0.0000000    0.0000000    0.0000000
  112.7000    0.0000000    0.0000000    0.0000000    0.0000000
  112.8000    0.0000000    0.0000000    0.0000000    0.0000000
  112.9000    0.0000000    0.0000000    0.0000000    0.0000000
  113.0000    0.0000000    0.0000000    0.0000000    0.0000000
  113.1000    0.0000000    0.0000000    0.0000000    0.0000000
  113.2000    0.0000000    0.0000000    0.0000000    0.0000000
  113.3000    0.0000000    0.0000000    0.0000000    0.0000000
  113.4000    0.0000000    0.0000000    0.0000000    0.0000000
  113.5000    0.0000000    0.0000000    0.0000000    0.0000000
  113.6000    0.0000000    0.0000000    0.0000000    0.0000000
  113.7000    0.0000000    0.0000000    0.0000000    0.0000000
  113.8000    0.0000000    0.0000000    0.0000000    0.0000000
  113.9000    0.0000000    0.0000000    0.0000000    0.0000000
  114.0000    0.0000000    0.0000000    0.0000000    0.0000000
  114.1000    0.0000000    0.0000000    0.0000000    0.0000000
  114.2000    0.0000000    0.0000000    0.0000000    0.0000000
  114.3000    0.0000000    0.0000000    0.0000000    0.0000000
  114.4000    0.0000000    0.0000000    0.0000000    0.0000000
  114.5000    0.0000000    0.0000000    0.0000000    0.0000000
  114.6000    0.0000000    0.0000000    0.0000000    0.0000000
  114.7000    0.0000000    0.0000000    0.0000000    0.0000000
  114.8000    0.0000000    0.0000000    0.0000000    0.0000000
  114.9000    0.0000000    0.0000000    0.0000000    0.0000000
  115.0000    0.0000000    0.0000000    0.0000000    0.0000000
  115.1000    0.0000000    0.0000000    0.0000000    0.0000000
  115.2000    0.0000000    0.0000000    0.0000000    0.0000000
  115.3000    0.0000000    0.0000000    0.0000000    0.0000000
  115.4000    0.0000000    0.0000000    0.0000000    0.0000000
  115.5000    0.0000000    0.0000000    0.0000000    0.0000000
  115.6000    0.0000000    0.0000000    0.0000000    0.0000000
  115.7000    0.0000000    0.0000000    0.0000000    0.0000000
  115.8000    0.0000000    0.0000000    0.0000000    0.0000000
  115.9000    0.0000000    0.0000000    0.0000000    0.0000000
  116.0000    0.0000000    0.0000000    0.0000000    0.0000000
  116.1000    0.0000000    0.0000000    0.0000000    0.0000000
  116.2000    0.0000000    0.0000000    0.0000000    0.0000000
  116.3000    0.0000000    0.0000000    0.0000000    0.0000000
  116.4000    0.0000000    0.0000000    0.0000000    0.0000000
  116.5000    0.0000000    0.0000000    0.0000000    0.0000000
  116.6000    0.0000000    0.0000000    0.0000000    0.0000000
  116.7000    0.0000000    0.0000000    0.0000000    0.0000000
  116.8000    0.0000000    0.0000000    0.0000000    0.0000000
  116.9000    0.0000000    0.0000000    0.0000000    0.0000000
  117.0000    0.0000000    0.0000000    0.0000000    0.0000000
  117.1000    0.0000000    0.0000000    0.0000000    0.0000000
  117.2000    0.0000000    0.0000000    0.0000000    0.0000000
  117.3000    0.0000000    0.0000000    0.0000000    0.0000000
  117.4000    0.0000000    0.0000000    0.0000000    0.0000000
  117.5000    0.0000000    0.0000000    0.0000000    0.0000000
  117.6000    0.0000000    0.0000000    0.0000000    0.0000000
  117.7000    0.0000000    0.0000000    0.0000000    0.0000000
  117.8000    0.0000000    0.0000000    0.0000000    0.0000000
  117.9000    0.0000000    0.0000000    0.0000000    0.0000000
  118.0000    0.0000000    0.0000000    0.0000000    0.0000000
  118.1000    0.0000000    0.0000000    0.0000000    0.0000000
  118.2000    0.0000000    0.0000000    0.0000000    0.0000000
  118.3000    0.0000000    0.0000000    0.0000000    0.0000000
  118.4000    0.0000000    0.0000000    0.0000000    0.0000000
  118.5000    0.0000000    0.0000000    0.0000000    0.0000000
  118.6000    0.0000000    0.0000000    0.0000000    0.0000000
  118.7000    0.0000000    0.0000000    0.0000000    0.0000000
  118.8000    0.0000000    0.0000000    0.0000000    0.0000000
  118.9000    0.0000000    0.0000000    0.0000000    0.0000000
  119.0000    0.0000000    0.0000000    0.0000000    0.0000000
  119.1000    0.0000000    0.0000000    0.0000000    0.0000000
  119.2000    0.0000000    0.0000000    0.0000000    0.0000000
  119.3000    0.0000000    0.0000000    0.0000000    0.0000000
  119.4000    0.0000000    0.0000000    0.0000000    0.0000000
  119.5000    0.0000000    0.0000000    0.0000000    0.0000000
  119.6000    0.0000000    0.0000000    0.0000000    0.0000000
  119.7000    0.0000000    0.0000000    0.0000000    0.0000000
  119.8000    0.0000000    0.0000000    0.0000000    0.0000000
  119.9000    0.0000000    0.0000000    0.0000000    0.0000000
  120.0000    0.0000000    0.0000000    0.0000000    0.0000000
  120.1000    0.0000000    0.0000000    0.0000000    0.0000000
  120.2000    0.0000000    0.0000000    0.0000000    0.0000000
  120.3000    0.0000000    0.0000000    0.0000000    0.0000000
  120.4000    0.0000000    0.0000000    0.0000000    0.0000000
  120.5000    0.0000000    0.0000000    0.0000000    0.0000000
  120.6000    0.0000000    0.0000000    0.0000000    0.0000000
  120.7000    0.0000000    0.0000000    0.0000000    0.0000000
  120.8000    0.0000000    0.0000000    0.0000000    0.0000000
  120.9000    0.0000000    0.0000000    0.0000000    0.0000000
  121.0000    0.0000000    0.0000000    0.0000000    0.0000000
  121.1000    0.0000000    0.0000000    0.0000000    0.0000000
  121.2000    0.0000000    0.0000000    0.0000000    0.0000000
  121.3000    0.0000000    0.0000000    0.0000000    0.0000000
  121.4000    0.0000000    0.0000000    0.0000000    0.0000000
  121.5000    0.0000000    0.0000000    0.0000000    0.0000000
  121.6000    0.0000000    0.0000000    0.0000000    0.0000000
  121.7000    0.0000000    0.0000000    0.0000000    0.0000000
  121.8000    0.0000000    0.0000000    0.0000000    0.0000000
  121.9000    0.0000000    0.0000000    0.0000000    0.0000000
  122.0000    0.0000000    0.0000000    0.0000000    0.0000000
  122.1000    0.0000000    0.0000000    0.0000000    0.0000000
  122.2000    0.0000000    0.0000000    0.0000000    0.0000000
  122.3000    0.0000000    0.0000000    0.0000000    0.0000000
  122.4000    0.0000000    0.0000000    0.0000000    0.0000000
  122.5000    0.0000000    0.0000000    0.0000000    0.0000000
  122.6000    0.0000000    0.0000000    0.0000000    0.0000000
  122.7000    0.0000000    0.0000000    0.0000000    0.0000000
  122.8000    0.0000000    0.0000000    0.0000000    0.0000000
  122.9000    0.0000000    0.0000000    0.0000000    0.0000000
  123.0000    0.0000000    0.0000000    0.0000000    0.0000000
  123.1000    0.0000000    0.0000000    0.0000000    0.0000000
  123.2000    0.0000000    0.0000000    0.0000000    0.0000000
  123.3000    0.0000000    0.0000000    0.0000000    0.0000000
  123.4000    0.0000000    0.0000000    0.0000000    0.0000000
  123.5000    0.0000000    0.0000000    0.0000000    0.0000000
  123.6000    0.0000000    0.0000000    0.0000000    0.0000000
  123.7000    0.0000000    0.0000000    0.0000000    0.0000000
  123.8000    0.0000000    0.0000000    0.0000000    0.0000000
  123.9000    0.0000000    0.0000000    0.0000000    0.0000000
  124.0000    0.0000000    0.0000000    0.0000000    0.0000000
  124.1000    0.0000000    0.0000000    0.0000000    0.0000000
  124.2000    0.0000000    0.0000000    0.0000000    0.0000000
  124.3000    0.0000000    0.0000000    0.0000000    0.0000000
  124.4000    0.0000000    0.0000000    0.0000000    0.0000000
  124.5000    0.0000000    0.0000000    0.0000000    0.0000000
  124.6000    0.0000000    0.0000000    0.0000000    0.0000000
  124.7000    0.0000000    0.0000000    0.0000000    0.0000000
  124.8000    0.0000000    0.0000000    0.0000000    0.0000000
  124.9000    0.0000000    0.0000000    0.0000000    0.0000000
  125.0000    0.0000000    0.0000000    0.0000000    0.0000000
  125.1000    0.0000000    0.0000000    0.0000000    0.0000000
  125.2000    0.0000000    0.0000000    0.0000000    0.0000000
  125.3000    0.0000000    0.0000000    0.0000000    0.0000000
  125.4000    0.0000000    0.0000000    0.0000000    0.0000000
  125.5000    0.0000000    0.0000000    0.0000000    0.0000000
  125.6000    0.0000000    0.0000000    0.0000000    0.0000000
  125.7000    0.0000000    0.0000000    0.0000000    0.0000000
  125.8000    0.0000000    0.0000000    0.0000000    0.0000000
  125.9000    0.0000000    0.0000000    0.0000000    0.0000000
  126.0000    0.0000000    0.0000000    0.0000000    0.0000000
  126.1000    0.0000000    0.0000000    0.0000000    0.0000000
  126.2000    0.0000000    0.0000000    0.0000000    0.0000000
  126.3000    0.0000000    0.0000000    0.0000000    0.0000000
  126.4000    0.0000000    0.0000000    0.0000000    0.0000000
  126.5000    0.0000000    0.0000000    0.0000000    0.0000000
  126.6000    0.0000000    0.0000000    0.0000000    0.0000000
  126.7000    0.0000000    0.0000000    0.0000000    0.0000000
  126.8000    0.0000000    0.0000000    0.0000000    0.0000000
  126.9000    0.0000000    0.0000000    0.0000000    0.0000000
  127.0000    0.0000000    0.0000000    0.0000000    0.0000000
  127.1000    0.0000000    0.0000000    0.0000000    0.0000000
  127.2000    0.0000000    0.0000000    0.0000000    0.0000000
  127.3000    0.0000000    0.0000000    0.0000000    0.0000000
  127.4000    0.0000000    0.0000000    0.0000000    0.0000000
  127.5000    0.0000000    0.0000000    0.0000000    0.0000000
  127.6000    0.0000000    0.0000000    0.0000000    0.0000000
  127.7000    0.0000000    0.0000000    0.0000000    0.0000000
  127.8000    0.0000000    0.0000000    0.0000000    0.0000000
  127.9000    0.0000000    0.0000000    0.0000000    0.0000000
  128.0000    0.0000000    0.0000000    0.0000000    0.0000000
  128.1000    0.0000000    0.0000000    0.0000000    0.0000000
  128.2000    0.0000000    0.0000000    0.0000000    0.0000000
  128.3000    0.0000000    0.0000000    0.0000000    0.0000000
  128.4000    0.0000000    0.0000000    0.0000000    0.0000000
  128.5000    0.0000000    0.0000000    0.0000000    0.0000000
  128.6000    0.0000000    0.0000000    0.0000000    0.0000000
  128.7000    0.0000000    0.0000000    0.0000000    0.0000000
  128.8000    0.0000000    0.0000000    0.0000000    0.0000000
  128.9000    0.0000000    0.0000000    0.0000000    0.0000000
  129.0000    0.0000000    0.0000000    0.0000000    0.0000000
  129.1000    0.0000000    0.0000000    0.0000000    0.0000000
  129.2000    0.0000000    0.0000000    0.0000000    0.0000000
  129.3000    0.0000000    0.0000000    0.0000000    0.0000000
  129.4000    0.0000000    0.0000000    0.0000000    0.0000000
  129.5000    0.0000000    0.0000000    0.0000000    0.0000000
  129.6000    0.0000000    0.0000000    0.0000000    0.0000000
  129.7000    0.0000000    0.0000000    0.0000000    0.0000000
  129.8000    0.0000000    0.0000000    0.0000000    0.0000000
  129.9000    0.0000000    0.0000000    0.0000000    0.0000000
  130.0000    0.0000000    0.0000000    0.0000000    0.0000000
  130.1000    0.0000000    0.0000000    0.0000000    0.0000000
  130.2000    0.0000000    0.0000000    0.0000000    0.0000000
  130.3000    0.0000000    0.0000000    0.0000000    0.0000000
  130.4000    0.0000000    0.0000000    0.0000000    0.0000000
  130.5000    0.0000000    0.0000000    0.0000000    0.0000000
  130.6000    0.0000000    0.0000000    0.0000000    0.0000000
  130.7000    0.0000000    0.0000000    0.0000000    0.0000000
  130.8000    0.0000000    0.0000000    0.0000000    0.0000000
  130.9000    0.0000000    0.0000000    0.0000000    0.0000000
  131.0000    0.0000000    0.0000000    0.0000000    0.0000000
  131.1000    0.0000000    0.0000000    0.0000000    0.0000000
  131.2000    0.0000000    0.0000000    0.0000000    0.0000000
  131.3000    0.0000000    0.0000000    0.0000000    0.0000000
  131.4000    0.0000000    0.0000000    0.0000000    0.0000000
  131.5000    0.0000000    0.0000000    0.0000000    0.0000000
  131.6000    0.0000000    0.0000000    0.0000000    0.0000000
  131.7000    0.0000000    0.0000000    0.0000000    0.0000000
  131.8000    0.0000000    0.0000000    0.0000000    0.0000000
  131.9000    0.0000000    0.0000000    0.0000000    0.0000000
  132.0000    0.0000000    0.0000000    0.0000000    0.0000000
  132.1000    0.0000000    0.0000000    0.0000000    0.0000000
  132.2000    0.0000000    0.0000000    0.0000000    0.0000000
  132.3000    0.0000000    0.0000000    0.0000000    0.0000000
  132.4000    0.0000000    0.0000000    0.0000000    0.0000000
  132.5000    0.0000000    0.0000000    0.0000000    0.0000000
  132.6000    0.0000000    0.0000000    0.0000000    0.0000000
  132.7000    0.0000000    0.0000000    0.0000000    0.0000000
  132.8000    0.0000000    0.0000000    0.0000000    0.0000000
  132.9000    0.0000000    0.0000000    0.0000000    0.0000000
  133.0000    0.0000000    0.0000000    0.0000000    0.0000000
  133.1000    0.0000000    0.0000000    0.0000000    0.0000000
  133.2000    0.0000000    0.0000000    0.0000000    0.0000000
  133.3000    0.0000000    0.0000000    0.0000000    0.0000000
  133.4000    0.0000000    0.0000000    0.0000000    0.0000000
  133.5000    0.0000000    0.0000000    0.0000000    0.0000000
  133.6000    0.0000000    0.0000000    0.0000000    0.0000000
  133.7000    0.0000000    0.0000000    0.0000000    0.0000000
  133.8000    0.0000000    0.0000000    0.0000000    0.0000000
  133.9000    0.0000000    0.0000000    0.0000000    0.0000000
  134.0000    0.0000000    0.0000000    0.0000000    0.0000000
  134.1000    0.0000000    0.0000000    0.0000000    0.0000000
  134.2000    0.0000000    0.0000000    0.0000000    0.0000000
  134.3000    0.0000000    0.0000000    0.0000000    0.0000000
  134.4000    0.0000000    0.0000000    0.0000000    0.0000000
  134.5000    0.0000000    0.0000000    0.0000000    0.0000000
  134.6000    0.0000000    0.0000000    0.0000000    0.0000000
  134.7000    0.0000000    0.0000000    0.0000000    0.0000000
  134.8000    0.0000000    0.0000000    0.0000000    0.0000000
  134.9000    0.0000000    0.0000000    0.0000000    0.0000000
  135.0000    0.0000000    0.0000000    0.0000000    0.0000000
  135.1000    0.0000000    0.0000000    0.0000000    0.0000000
  135.2000    0.0000000    0.0000000    0.0000000    0.0000000
  135.3000    0.0000000    0.0000000    0.0000000    0.0000000
  135.4000    0.0000000    0.0000000    0.0000000    0.0000000
  135.5000    0.0000000    0.0000000    0.0000000    0.0000000
  135.6000    0.0000000    0.0000000    0.0000000    0.0000000
  135.7000    0.0000000    0.0000000    0.0000000    0.0000000
  135.8000    0.0000000    0.0000000    0.0000000    0.0000000
  135.9000    0.0000000    0.0000000    0.0000000    0.0000000
  136.0000    0.0000000    0.0000000    0.0000000    0.0000000
  136.1000    0.0000000    0.0000000    0.0000000    0.0000000
  136.2000    0.0000000    0.0000000    0.0000000    0.0000000
  136.3000    0.0000000    0.0000000    0.0000000    0.0000000
  136.4000    0.0000000    0.0000000    0.0000000    0.0000000
  136.5000    0.0000000    0.0000000    0.0000000    0.0000000
  136.6000    0.0000000    0.0000000    0.0000000    0.0000000
  136.7000    0.0000000    0.0000000    0.0000000    0.0000000
  136.8000    0.0000000    0.0000000    0.0000000    0.0000000
  136.9000    0.0000000    0.0000000    0.0000000    0.0000000
  137.0000    0.0000000    0.0000000    0.0000000    0.0000000
  137.1000    0.0000000    0.0000000    0.0000000    0.0000000
  137.2000    0.0000000    0.0000000    0.0000000    0.0000000
  137.3000    0.0000000    0.0000000    0.0000000    0.0000000
  137.4000    0.0000000    0.0000000    0.0000000    0.0000000
  137.5000    0.0000000    0.0000000    0.0000000    0.0000000
  137.6000    0.0000000    0.0000000    0.0000000    0.0000000
  137.7000    0.0000000    0.0000000    0.0000000    0.0000000
  137.8000    0.0000000    0.0000000    0.0000000    0.0000000
  137.9000    0.0000000    0.0000000    0.0000000    0.0000000
  138.0000    0.0000000    0.0000000    0.0000000    0.0000000
  138.1000    0.0000000    0.0000000    0.0000000    0.0000000
  138.2000    0.0000000    0.0000000    0.0000000    0.0000000
  138.3000    0.0000000    0.0000000    0.0000000    0.0000000
  138.4000    0.0000000    0.0000000    0.0000000    0.0000000
  138.5000    0.0000000    0.0000000    0.0000000    0.0000000
  138.6000    0.0000000    0.0000000    0.0000000    0.0000000
  138.7000    0.0000000    0.0000000    0.0000000    0.0000000
  138.8000    0.0000000    0.0000000    0.0000000    0.0000000
  138.9000    0.0000000    0.0000000    0.0000000    0.0000000
  139.0000    0.0000000    0.0000000    0.0000000    0.0000000
  139.1000    0.0000000    0.0000000    0.0000000    0.0000000
  139.2000    0.0000000    0.0000000    0.0000000    0.0000000
  139.3000    0.0000000    0.0000000    0.0000000    0.0000000
  139.4000    0.0000000    0.0000000    0.0000000    0.0000000
  139.5000    0.0000000    0.0000000    0.0000000    0.0000000
  139.6000    0.0000000    0.0000000    0.0000000    0.0000000
  139.7000    0.0000000    0.0000000    0.0000000    0.0000000
  139.8000    0.0000000    0.0000000    0.0000000    0.0000000
  139.9000    0.0000000    0.0000000    0.0000000    0.0000000
  140.0000    0.0000000    0.0000000    0.0000000    0.0000000
  140.1000    0.0000000    0.0000000    0.0000000    0.0000000
  140.2000    0.0000000    0.0000000    0.0000000    0.0000000
  140.3000    0.0000000    0.0000000    0.0000000    0.0000000
  140.4000    0.0000000    0.0000000    0.0000000    0.0000000
  140.5000    0.0000000    0.0000000    0.0000000    0.0000000
  140.6000    0.0000000    0.0000000    0.0000000    0.0000000
  140.7000    0.0000000    0.0000000    0.0000000    0.0000000
  140.8000    0.0000000    0.0000000    0.0000000    0.0000000
  140.9000    0.0000000    0.0000000    0.0000000    0.0000000
  141.0000    0.0000000    0.0000000    0.0000000    0.0000000
  141.1000    0.0000000    0.0000000    0.0000000    0.0000000
  141.2000    0.0000000    0.0000000    0.0000000    0.0000000
  141.3000    0.0000000    0.0000000    0.0000000    0.0000000
  141.4000    0.0000000    0.0000000    0.0000000    0.0000000
  141.5000    0.0000000    0.0000000    0.0000000    0.0000000
  141.6000    0.0000000    0.0000000    0.0000000    0.0000000
  141.7000    0.0000000    0.0000000    0.0000000    0.0000000
  141.8000    0.0000000    0.0000000    0.0000000    0.0000000
  141.9000    0.0000000    0.0000000    0.0000000    0.0000000
  142.0000    0.0000000    0.0000000    0.0000000    0.0000000
  142.1000    0.0000000    0.0000000    0.0000000    0.0000000
  142.2000    0.0000000    0.0000000    0.0000000    0.0000000
  142.3000    0.0000000    0.0000000    0.0000000    0.0000000
  142.4000    0.0000000    0.0000000    0.0000000    0.0000000
  142.5000    0.0000000    0.0000000    0.0000000    0.0000000
  142.6000    0.0000000    0.0000000    0.0000000    0.0000000
  142.7000    0.0000000    0.0000000    0.0000000    0.0000000
  142.8000    0.0000000    0.0000000    0.0000000    0.0000000
  142.9000    0.0000000    0.0000000    0.0000000    0.0000000
  143.0000    0.0000000    0.0000000    0.0000000    0.0000000
  143.1000    0.0000000    0.0000000    0.0000000    0.0000000
  143.2000    0.0000000    0.0000000    0.0000000    0.0000000
  143.3000    0.0000000    0.0000000    0.0000000    0.0000000
  143.4000    0.0000000    0.0000000    0.0000000    0.0000000
  143.5000    0.0000000    0.0000000    0.0000000    0.0000000
  143.6000    0.0000000    0.0000000    0.0000000    0.0000000
  143.7000    0.0000000    0.0000000    0.0000000    0.0000000
  143.8000    0.0000000    0.0000000    0.0000000    0.0000000
  143.9000    0.0000000    0.0000000    0.0000000    0.0000000
  144.0000    0.0000000    0.0000000    0.0000000    0.0000000
  144.1000    0.0000000    0.0000000    0.0000000    0.0000000
  144.2000    0.0000000    0.0000000    0.0000000    0.0000000
  144.3000    0.0000000    0.0000000    0.0000000    0.0000000
  144.4000    0.0000000    0.0000000    0.0000000    0.0000000
  144.5000    0.0000000    0.0000000    0.0000000    0.0000000
  144.6000    0.0000000    0.0000000    0.0000000    0.0000000
  144.7000    0.0000000    0.0000000    0.0000000    0.0000000
  144.8000    0.0000000    0.0000000    0.0000000    0.0000000
  144.9000    0.0000000    0.0000000    0.0000000    0.0000000
  145.0000    0.0000000    0.0000000    0.0000000    0.0000000
  145.1000    0.0000000    0.0000000    0.0000000    0.0000000
  145.2000    0.0000000    0.0000000    0.0000000    0.0000000
  145.3000    0.0000000    0.0000000    0.0000000    0.0000000
  145.4000    0.0000000    0.0000000    0.0000000    0.0000000
  145.5000    0.0000000    0.0000000    0.0000000    0.0000000
  145.6000    0.0000000    0.0000000    0.0000000    0.0000000
  145.7000    0.0000000    0.0000000    0.0000000    0.0000000
  145.8000    0.0000000    0.0000000    0.0000000    0.0000000
  145.9000    0.0000000    0.0000000    0.0000000    0.0000000
  146.0000    0.0000000    0.0000000    0.0000000    0.0000000
  146.1000    0.0000000    0.0000000    0.0000000    0.0000000
  146.2000    0.0000000    0.0000000    0.0000000    0.0000000
  146.3000    0.0000000    0.0000000    0.0000000    0.0000000
  146.4000    0.0000000    0.0000000    0.0000000    0.0000000
  146.5000    0.0000000    0.0000000    0.0000000    0.0000000
  146.6000    0.0000000    0.0000000    0.0000000    0.0000000
  146.7000    0.0000000    0.0000000    0.0000000    0.0000000
  146.8000    0.0000000    0.0000000    0.0000000    0.0000000
  146.9000    0.0000000    0.0000000    0.0000000    0.0000000
  147.0000    0.0000000    0.0000000    0.0000000    0.0000000
  147.1000    0.0000000    0.0000000    0.0000000    0.0000000
  147.2000    0.0000000    0.0000000    0.0000000    0.0000000
  147.3000    0.0000000    0.0000000    0.0000000    0.0000000
  147.4000    0.0000000    0.0000000    0.0000000    0.0000000
  147.5000    0.0000000    0.0000000    0.0000000    0.0000000
  147.6000    0.0000000    0.0000000    0.0000000    0.0000000
  147.7000    0.0000000    0.0000000    0.0000000    0.0000000
  147.8000    0.0000000    0.0000000    0.0000000    0.0000000
  147.9000    0.0000000    0.0000000    0.0000000    0.0000000
  148.0000    0.0000000    0.0000000    0.0000000    0.0000000
  148.1000    0.0000000    0.0000000    0.0000000    0.0000000
  148.2000    0.0000000    0.0000000    0.0000000    0.0000000
  148.3000    0.0000000    0.0000000    0.0000000    0.0000000
  148.4000    0.0000000    0.0000000    0.0000000    0.0000000
  148.5000    0.0000000    0.0000000    0.0000000    0.0000000
  148.6000    0.0000000    0.0000000    0.0000000    0.0000000
  148.7000    0.0000000    0.0000000    0.0000000    0.0000000
  148.8000    0.0000000    0.0000000    0.0000000    0.0000000
  148.9000    0.0000000    0.0000000    0.0000000    0.0000000
  149.0000    0.0000000    0.0000000    0.0000000    0.0000000
  149.1000    0.0000000    0.0000000    0.0000000    0.0000000
  149.2000    0.0000000    0.0000000    0.0000000    0.0000000
  149.3000    0.0000000    0.0000000    0.0000000    0.0000000
  149.4000    0.0000000    0.0000000    0.0000000    0.0000000
  149.5000    0.0000000    0.0000000    0.0000000    0.0000000
  149.6000    0.0000000    0.0000000    0.0000000    0.0000000
  149.7000    0.0000000    0.0000000    0.0000000    0.0000000
  149.8000    0.0000000    0.0000000    0.0000000    0.0000000
  149.9000    0.0000000    0.0000000    0.0000000    0.0000000
  150.0000    0.0000000    0.0000000    0.0000000    0.0000000
