position	UNBOUND	O	OO	OOO	H	OH	OOH	OOOH	HH	OHH	OOHH	OOOHH	HHH	OHHH	OOHHH	OOOHHH	
-22.600     0.018     0.144     0.024     0.060     0.054    -0.042    -0.059     0.078     0.026     0.026     0.015     0.017     0.005     0.004     0.004     0.019    -0.018    -0.117     0.007    -0.010     0.007    -0.003     0.012     0.008     0.055    -0.225    -0.006     0.004     0.006     0.014     0.030     0.012
-22.500     0.023    -0.059     0.005    -0.024     0.035    -0.012    -0.021    -0.025     0.005    -0.112     0.001     0.005     0.008     0.011    -0.011    -0.000     0.010    -0.080     0.006    -0.013     0.003     0.000     0.007    -0.000     0.079    -0.164     0.009     0.012     0.006    -0.002     0.011    -0.009
-22.400    -0.075    -0.033     0.013     0.069     0.046     0.010    -0.013     0.185    -0.010    -0.016     0.002     0.006    -0.003     0.011    -0.012     0.030     0.030    -0.062     0.003    -0.008     0.001    -0.003     0.006     0.010    -0.096    -0.011     0.002    -0.009     0.004    -0.014     0.015    -0.011
-22.300     0.117     0.337     0.044     0.024     0.014    -0.002    -0.040     0.011     0.062    -0.018     0.005     0.004     0.003     0.013    -0.005     0.018     0.027    -0.047     0.000    -0.010     0.004    -0.011     0.003    -0.007    -0.057    -0.139    -0.002    -0.011     0.011     0.004     0.010    -0.001
-22.200    -0.174     0.019     0.002    -0.017     0.031     0.010     0.105    -0.156     0.041     0.091     0.006     0.001    -0.008     0.002     0.012    -0.005     0.038    -0.066    -0.000    -0.015     0.006    -0.014     0.006     0.002     0.008     0.027     0.029    -0.008     0.013    -0.005     0.009    -0.023
-22.100     0.170     0.062    -0.001    -0.002     0.011     0.019     0.015     0.030     0.009     0.069     0.005    -0.010    -0.004     0.001    -0.000     0.019     0.030    -0.015     0.004    -0.010     0.003    -0.017     0.010     0.001     0.006    -0.049     0.008    -0.010     0.004    -0.006    -0.037    -0.015
-22.000    -0.010     0.019    -0.021    -0.039     0.010     0.022     0.010    -0.189     0.014     0.003     0.003    -0.009    -0.007     0.010     0.006     0.024     0.013    -0.012     0.002    -0.013     0.002    -0.017     0.010     0.006     0.201     0.238     0.023     0.014     0.001    -0.015     0.001     0.012
-21.900     0.090    -0.038     0.025     0.064     0.004     0.021     0.048    -0.157    -0.015    -0.033     0.009     0.010    -0.001    -0.010    -0.002     0.004     0.007    -0.002    -0.002    -0.011     0.011    -0.012     0.006    -0.011     0.034    -0.001    -0.006    -0.015     0.009    -0.002     0.056    -0.005
-21.800    -0.026     0.062    -0.015    -0.050    -0.027     0.030    -0.022    -0.172     0.068    -0.004     0.009    -0.012    -0.004     0.008     0.006     0.061    -0.013     0.001     0.002    -0.015     0.004    -0.018     0.009    -0.011     0.021    -0.050    -0.011    -0.037     0.004    -0.001     0.014    -0.035
-21.700     0.169     0.086    -0.029     0.059    -0.005     0.026    -0.085    -0.236     0.125    -0.046    -0.001    -0.000     0.005     0.012     0.005     0.033     0.004     0.021     0.005    -0.019     0.005    -0.015     0.002    -0.016    -0.002    -0.015    -0.001     0.010     0.004    -0.000     0.005     0.021
-21.600     0.054     0.009     0.015    -0.013    -0.022     0.137     0.102     0.255     0.007    -0.067     0.000    -0.021     0.007     0.006     0.029     0.077    -0.014     0.111     0.004    -0.013     0.007    -0.008     0.010    -0.018    -0.092    -0.100    -0.016    -0.029     0.002    -0.015     0.001    -0.066
-21.500     0.088     0.122    -0.026     0.027    -0.022     0.041     0.012    -0.092     0.042     0.090     0.012    -0.004     0.002     0.025     0.018     0.061    -0.017     0.057     0.010    -0.006     0.010    -0.008    -0.002    -0.020    -0.013     0.028     0.007     0.027     0.012    -0.007     0.014    -0.026
-21.400    -0.135     0.177     0.001    -0.081     0.001     0.095    -0.009    -0.079     0.073    -0.092     0.006     0.009     0.006     0.010    -0.011    -0.003    -0.005     0.078     0.008     0.001     0.011    -0.012     0.006    -0.017    -0.004     0.133     0.032    -0.026     0.014     0.023     0.018     0.003
-21.300     0.121     0.385     0.042    -0.026    -0.033     0.026     0.061     0.033     0.079    -0.005    -0.003     0.012     0.008     0.009    -0.005     0.042    -0.032     0.064     0.003    -0.025     0.009    -0.010     0.002    -0.015     0.041    -0.013     0.030    -0.016     0.006    -0.009     0.014    -0.007
-21.200    -0.031    -0.436     0.077    -0.002    -0.026     0.012     0.028     0.086     0.014     0.088    -0.000     0.020     0.008     0.026     0.010     0.037     0.010     0.033     0.003    -0.012     0.009    -0.006    -0.006     0.013     0.069    -0.059    -0.001    -0.031     0.006    -0.003     0.002    -0.015
-21.100    -0.051    -0.087     0.050     0.059     0.009     0.105    -0.057    -0.028     0.030     0.008     0.004     0.015    -0.000     0.029     0.002     0.027    -0.017     0.007     0.009    -0.013     0.009    -0.005    -0.002    -0.004    -0.021    -0.047    -0.017     0.022     0.010    -0.013    -0.001    -0.030
-21.000    -0.147     0.063    -0.023    -0.020    -0.001     0.024    -0.067     0.049     0.064    -0.067    -0.001     0.002     0.007     0.019    -0.001     0.022    -0.000    -0.082     0.006    -0.017     0.006    -0.004    -0.001    -0.014     0.072    -0.087     0.019     0.007    -0.001     0.007     0.014     0.007
-20.900     0.172    -0.137     0.001     0.019    -0.013     0.048     0.069    -0.047    -0.002    -0.001     0.005     0.008     0.006     0.024     0.010     0.039    -0.040    -0.014     0.005    -0.014     0.010    -0.005     0.014    -0.025    -0.105    -0.133    -0.011     0.001     0.004     0.009    -0.015    -0.011
-20.800     0.175    -0.123    -0.019    -0.008    -0.004     0.027     0.142     0.090    -0.025     0.047     0.009     0.006     0.010     0.026    -0.027    -0.002    -0.029    -0.008    -0.003    -0.016     0.011    -0.008     0.002    -0.015    -0.012    -0.278     0.009    -0.000    -0.002     0.014     0.010     0.014
-20.700     0.429    -0.080    -0.002    -0.008    -0.051     0.045     0.153     0.150    -0.033     0.050    -0.008     0.024    -0.002     0.009     0.004     0.040    -0.037    -0.146     0.003    -0.014     0.005    -0.007     0.011    -0.004     0.002    -0.087     0.003    -0.021     0.018     0.002    -0.009     0.005
-20.600     0.227     0.080    -0.036    -0.070    -0.022     0.034    -0.182     0.006     0.032     0.031    -0.005     0.017    -0.005     0.021     0.007     0.048    -0.046    -0.106    -0.004    -0.024     0.006    -0.012     0.014     0.001     0.023    -0.394     0.009     0.006     0.013     0.003     0.003    -0.013
-20.500    -0.061     0.094    -0.074     0.027    -0.023     0.036    -0.031     0.083     0.014    -0.037    -0.003     0.011    -0.001     0.011     0.002     0.020    -0.047    -0.068    -0.004    -0.022     0.005     0.001     0.007    -0.012    -0.072    -0.068     0.006     0.003    -0.004     0.004     0.004     0.009
-20.400     0.088    -0.118    -0.022     0.003    -0.026     0.049    -0.073     0.099    -0.033     0.065    -0.005     0.016    -0.005     0.023     0.001     0.035    -0.009    -0.078     0.002    -0.018     0.005     0.007     0.017     0.002    -0.055    -0.175    -0.005    -0.029     0.008    -0.005    -0.025     0.027
-20.300     0.006     0.221    -0.022     0.029    -0.039     0.063     0.056     0.077    -0.052    -0.013    -0.010     0.019    -0.011     0.001    -0.027     0.034    -0.032    -0.104     0.009    -0.014     0.008    -0.005     0.012     0.008    -0.121    -0.129     0.020    -0.016     0.007     0.007     0.005    -0.031
-20.200    -0.161     0.067    -0.038     0.058     0.003     0.040    -0.114     0.059    -0.050    -0.004     0.000     0.024    -0.001     0.007    -0.022     0.009    -0.039    -0.076    -0.000     0.001     0.006    -0.005     0.003    -0.005    -0.033    -0.039     0.023    -0.033     0.011     0.008     0.027    -0.017
-20.100    -0.017    -0.109    -0.020     0.052    -0.020     0.010    -0.172     0.158    -0.075    -0.046     0.002     0.030    -0.002     0.005    -0.010     0.022    -0.037    -0.079     0.003    -0.002     0.011    -0.011     0.012    -0.000    -0.020     0.070     0.007     0.006     0.007    -0.019    -0.002    -0.014
-20.000    -0.078    -0.203    -0.052     0.072    -0.022     0.035    -0.012     0.005    -0.011     0.040     0.004     0.017     0.005     0.017    -0.012    -0.003     0.044    -0.013    -0.005     0.014     0.006    -0.010     0.011    -0.014     0.049     0.139     0.018    -0.006     0.024     0.015     0.003    -0.015
-19.900    -0.030    -0.090    -0.041     0.049    -0.025     0.003     0.058    -0.020     0.001    -0.027    -0.001    -0.001     0.002     0.018    -0.002     0.007     0.028    -0.037     0.003     0.012     0.012    -0.009     0.006     0.009     0.014    -0.035     0.012    -0.015     0.001     0.001     0.013     0.004
-19.800     0.098     0.026    -0.021    -0.048    -0.043     0.024    -0.059    -0.057    -0.014    -0.092    -0.005     0.031    -0.008     0.023    -0.022     0.023     0.011     0.024     0.003     0.004     0.009    -0.001     0.007     0.010    -0.046    -0.081     0.019     0.008     0.013     0.013    -0.010    -0.007
-19.700    -0.131     0.108     0.023     0.050    -0.044     0.016    -0.042    -0.073    -0.016    -0.059     0.006    -0.012     0.005     0.020     0.008     0.025    -0.005    -0.023     0.000     0.003     0.012     0.004     0.006     0.008    -0.098    -0.331     0.004    -0.024     0.014     0.014     0.011    -0.008
-19.600     0.099     0.067    -0.019     0.038    -0.050     0.011    -0.003    -0.117     0.029    -0.001     0.003     0.019     0.000     0.010     0.008     0.042     0.002     0.071     0.003    -0.000     0.007     0.002     0.009     0.012     0.050     0.016    -0.001    -0.006     0.001    -0.014     0.006     0.047
-19.500     0.036    -0.030    -0.031     0.010    -0.045     0.015    -0.027    -0.059    -0.050    -0.037    -0.001     0.012     0.004     0.024     0.002     0.047     0.036     0.057     0.001    -0.001     0.013     0.010     0.005     0.003    -0.051    -0.024    -0.010    -0.035     0.003     0.015     0.021     0.027
-19.400     0.020     0.220     0.002    -0.014     0.008    -0.009    -0.087    -0.107     0.027     0.112    -0.002     0.004     0.009     0.021     0.011     0.063     0.007     0.043     0.001     0.001     0.007     0.003     0.008    -0.004     0.089     0.004    -0.012     0.002    -0.000    -0.004     0.026     0.006
-19.300    -0.008    -0.503     0.006     0.028    -0.019     0.041     0.015    -0.040    -0.000     0.023     0.017     0.022     0.004     0.026    -0.002     0.048    -0.006    -0.006     0.005     0.005     0.009    -0.004     0.014     0.004    -0.038     0.073     0.005     0.013    -0.007     0.013     0.004    -0.013
-19.200     0.046    -0.072    -0.032     0.042     0.004    -0.014    -0.166    -0.116     0.016     0.018     0.004     0.007    -0.003     0.023     0.020     0.048    -0.046    -0.002     0.006     0.005     0.007    -0.007     0.008    -0.008     0.001    -0.040    -0.002     0.014    -0.007     0.000    -0.022     0.049
-19.100    -0.311     0.194    -0.042    -0.062     0.030     0.046     0.065    -0.086     0.013     0.100     0.002     0.018     0.001     0.024    -0.013     0.006    -0.014    -0.032     0.010     0.004     0.006    -0.006     0.014    -0.013    -0.062    -0.042    -0.005    -0.024    -0.006    -0.012    -0.033     0.011
-19.000    -0.081     0.052     0.017     0.038     0.004     0.005     0.168    -0.090    -0.055     0.009     0.004    -0.007     0.014     0.020    -0.001     0.011    -0.035    -0.024     0.004    -0.005     0.007    -0.010     0.003    -0.017     0.103     0.107     0.002    -0.008     0.014    -0.001    -0.001    -0.020
-18.900    -0.151     0.200    -0.023    -0.049    -0.004    -0.027     0.142    -0.194    -0.054    -0.079    -0.011    -0.006     0.012     0.010    -0.020     0.013     0.005     0.019     0.009     0.004     0.004    -0.014     0.014    -0.009     0.013    -0.175    -0.004    -0.011    -0.005    -0.001     0.001     0.004
-18.800     0.000    -0.331     0.028    -0.047     0.026    -0.008     0.029     0.037    -0.066    -0.081    -0.017     0.008    -0.001     0.009    -0.008     0.000    -0.053     0.024     0.013    -0.005     0.004    -0.012    -0.006    -0.010    -0.066     0.045     0.001    -0.044    -0.001     0.020    -0.030     0.037
-18.700     0.090     0.051    -0.022     0.034     0.002    -0.026     0.016     0.112     0.000    -0.108    -0.008     0.003     0.001     0.012    -0.002     0.027    -0.003    -0.039     0.003    -0.010     0.005    -0.020     0.005    -0.015    -0.030    -0.129     0.004    -0.007    -0.004    -0.007     0.019     0.014
-18.600    -0.038     0.022    -0.039     0.028    -0.017    -0.005    -0.126    -0.122    -0.036     0.015     0.005    -0.002     0.003     0.003     0.027    -0.005    -0.049    -0.033     0.006    -0.017     0.005    -0.015    -0.004    -0.012    -0.018     0.137    -0.010    -0.020    -0.014    -0.028     0.006     0.005
-18.500    -0.034    -0.086     0.015    -0.032    -0.033    -0.039     0.061    -0.098    -0.005    -0.121     0.006     0.021     0.003     0.019     0.016     0.026     0.005    -0.015     0.007    -0.020     0.004    -0.010    -0.000    -0.015    -0.041    -0.068     0.007    -0.026     0.011     0.010    -0.022     0.005
-18.400    -0.131    -0.304    -0.029     0.035    -0.029     0.010    -0.017     0.140    -0.040    -0.092     0.015     0.002    -0.010     0.007    -0.008     0.037     0.017     0.028     0.009    -0.008     0.008    -0.001    -0.001     0.002    -0.030    -0.011     0.012    -0.019     0.017    -0.005    -0.001    -0.011
-18.300    -0.187    -0.121    -0.045     0.004     0.002     0.008     0.030    -0.079    -0.115    -0.015     0.006     0.014    -0.007     0.001    -0.004     0.003     0.033    -0.034     0.006    -0.009     0.009     0.002    -0.001     0.015     0.059     0.022     0.004    -0.013     0.005     0.001    -0.019     0.014
-18.200     0.023     0.087    -0.024    -0.034     0.008     0.009    -0.051    -0.054    -0.084    -0.102     0.005     0.002    -0.005    -0.002     0.000     0.003    -0.004    -0.012     0.007    -0.009     0.011    -0.006     0.000     0.002    -0.010     0.048     0.012     0.008    -0.004    -0.027     0.023    -0.030
-18.100    -0.105    -0.086     0.008     0.013    -0.002     0.000    -0.045    -0.088    -0.081    -0.006     0.017     0.001    -0.008     0.000    -0.002     0.009     0.014    -0.008     0.012    -0.011     0.005    -0.012     0.005    -0.018    -0.009    -0.010     0.007     0.012    -0.002    -0.009     0.001    -0.005
-18.000    -0.147     0.151     0.000    -0.011    -0.015     0.037     0.003     0.158    -0.082     0.001     0.005    -0.008    -0.003     0.009     0.011     0.043     0.007    -0.049     0.011    -0.023     0.008    -0.012     0.007    -0.028     0.131    -0.085     0.005     0.000    -0.003    -0.001     0.007    -0.004
-17.900     0.009    -0.253    -0.040    -0.021    -0.001     0.027     0.069     0.072    -0.040    -0.097     0.007    -0.026    -0.008     0.010    -0.009    -0.002     0.010    -0.050     0.002    -0.026     0.003    -0.007     0.002    -0.008     0.072    -0.021     0.018    -0.007     0.004    -0.002     0.004     0.020
-17.800     0.007     0.074     0.002     0.034    -0.004     0.079    -0.123    -0.049    -0.071    -0.079    -0.001    -0.026     0.002     0.005    -0.009    -0.012    -0.007    -0.055     0.011    -0.023     0.005    -0.019     0.012    -0.001    -0.081     0.125     0.007    -0.047     0.008    -0.011    -0.002    -0.033
-17.700    -0.164     0.282    -0.007    -0.023    -0.011     0.067    -0.106    -0.070    -0.020     0.020    -0.003    -0.005    -0.000    -0.009     0.001    -0.042    -0.017    -0.044     0.014    -0.025     0.004    -0.014     0.000    -0.008    -0.026    -0.026     0.012    -0.022    -0.001    -0.003     0.036     0.017
-17.600    -0.084     0.149    -0.052     0.057     0.001     0.121    -0.124    -0.163    -0.067    -0.064     0.009    -0.012    -0.001    -0.012    -0.017    -0.040     0.010    -0.027     0.009    -0.025     0.003    -0.014    -0.001    -0.012     0.016     0.168     0.026    -0.016    -0.004    -0.016     0.011    -0.029
-17.500    -0.120    -0.148    -0.042     0.046    -0.005     0.023    -0.094    -0.154    -0.046    -0.052    -0.013     0.005     0.005    -0.021     0.006    -0.005     0.041    -0.064     0.004    -0.017     0.006    -0.017    -0.003    -0.018    -0.062     0.054     0.012    -0.035     0.005    -0.009     0.017    -0.030
-17.400     0.037     0.157    -0.014     0.005    -0.017    -0.062    -0.078    -0.309    -0.022     0.036    -0.007    -0.006    -0.003    -0.015    -0.009    -0.001     0.017    -0.071     0.010    -0.021     0.006    -0.021     0.001    -0.019     0.018     0.125    -0.004     0.002    -0.006    -0.021    -0.004    -0.013
-17.300     0.015     0.004    -0.020     0.048     0.026    -0.032     0.148    -0.166    -0.031     0.002    -0.001    -0.016    -0.012    -0.014    -0.010     0.002     0.001    -0.029     0.009    -0.014     0.004    -0.012     0.003    -0.008    -0.133    -0.098     0.001    -0.026    -0.004    -0.035     0.014    -0.037
-17.200     0.077    -0.036     0.002     0.033    -0.026    -0.023     0.075    -0.061     0.047    -0.135     0.000    -0.037    -0.004    -0.005    -0.007    -0.002     0.007    -0.028     0.009    -0.021     0.007    -0.013     0.001    -0.017    -0.019    -0.221     0.003     0.006     0.007    -0.012     0.003    -0.034
-17.100    -0.153     0.003     0.046     0.028     0.034     0.020     0.039    -0.136     0.009    -0.002     0.005    -0.030    -0.004    -0.000    -0.003     0.005     0.015    -0.033     0.006    -0.013     0.005    -0.026     0.004    -0.017    -0.140    -0.148     0.008    -0.024     0.006     0.002     0.006    -0.036
-17.000    -0.011    -0.299    -0.004    -0.015    -0.004     0.033    -0.032     0.140    -0.023     0.046     0.010    -0.029     0.005    -0.008    -0.010     0.001    -0.019     0.001     0.009    -0.017     0.006    -0.021    -0.002    -0.020    -0.048    -0.084     0.019     0.004     0.005     0.016     0.029    -0.011
-16.900    -0.166    -0.004    -0.033     0.025     0.042    -0.044     0.071     0.003     0.019    -0.057     0.009    -0.029     0.007    -0.011    -0.014     0.045     0.008    -0.069     0.007    -0.003     0.004    -0.019    -0.005    -0.021    -0.013    -0.096     0.016    -0.008     0.007    -0.001     0.003    -0.035
-16.800     0.035     0.009    -0.020    -0.017     0.041     0.044     0.005    -0.114     0.008    -0.019     0.011    -0.000    -0.002     0.002    -0.003    -0.002     0.002    -0.013     0.014     0.004     0.004    -0.012    -0.002    -0.019     0.013    -0.178     0.003     0.016    -0.000    -0.018    -0.001     0.002
-16.700     0.149    -0.138    -0.028     0.013     0.022    -0.059    -0.070    -0.018    -0.047    -0.124     0.007    -0.010    -0.007    -0.009    -0.024     0.025    -0.018    -0.028     0.009    -0.013     0.006    -0.013     0.006    -0.024     0.033    -0.025     0.021    -0.013     0.005    -0.024    -0.010     0.006
-16.600     0.066    -0.060     0.014     0.019     0.055    -0.025    -0.064     0.069    -0.012    -0.029     0.025    -0.005    -0.004    -0.007     0.026     0.054    -0.023    -0.093     0.014    -0.011     0.005    -0.007     0.006    -0.023     0.076     0.107     0.015    -0.000    -0.004    -0.007    -0.014    -0.009
-16.500    -0.135     0.216     0.013     0.021    -0.014    -0.022     0.016     0.195     0.015    -0.123     0.005    -0.010     0.006     0.005    -0.016     0.021     0.027     0.031     0.018    -0.008     0.004    -0.009     0.007    -0.011    -0.034    -0.156    -0.001    -0.004     0.006    -0.010    -0.006     0.003
-16.400     0.010     0.239     0.075    -0.043     0.044    -0.030     0.040     0.059     0.008    -0.012     0.015    -0.009     0.004    -0.000    -0.023     0.052     0.005    -0.008     0.015     0.002    -0.000    -0.017     0.006    -0.002     0.012    -0.065     0.036    -0.014     0.013     0.008    -0.000    -0.021
-16.300     0.141    -0.300     0.022     0.063     0.010    -0.054     0.079    -0.033    -0.022    -0.035     0.007    -0.016     0.005     0.011     0.001    -0.007     0.001    -0.058     0.012    -0.008     0.002    -0.006     0.002    -0.014     0.080    -0.022     0.009    -0.007     0.008    -0.012     0.009     0.002
-16.200    -0.001     0.100     0.017     0.040     0.058     0.029    -0.009    -0.289     0.024    -0.069     0.002    -0.004     0.001     0.006    -0.017    -0.008     0.051     0.054     0.013     0.003     0.005    -0.009     0.001    -0.024     0.041    -0.122     0.014     0.025     0.003    -0.024    -0.023     0.024
-16.100    -0.022    -0.022    -0.020    -0.019    -0.017    -0.058     0.079    -0.336    -0.040    -0.074    -0.004    -0.014    -0.002    -0.007    -0.014    -0.010    -0.005    -0.035     0.009    -0.003     0.003    -0.016     0.003    -0.015     0.004    -0.052     0.030    -0.019    -0.005    -0.018    -0.009    -0.000
-16.000    -0.032     0.090     0.030     0.016     0.001    -0.079     0.119    -0.128    -0.070    -0.092    -0.004     0.002    -0.009    -0.015    -0.001    -0.002    -0.011    -0.035     0.014    -0.007     0.012    -0.018    -0.007    -0.020     0.069    -0.224     0.014    -0.013     0.017    -0.018    -0.011    -0.042
-15.900     0.040    -0.008     0.061     0.014    -0.037    -0.005    -0.026     0.045    -0.020    -0.088     0.001    -0.005    -0.008    -0.015     0.004    -0.007    -0.004    -0.009     0.015    -0.027     0.009    -0.020    -0.005    -0.031    -0.042    -0.042     0.021    -0.043     0.020    -0.009     0.042     0.015
-15.800     0.049     0.044    -0.022    -0.043     0.003    -0.087    -0.003    -0.043    -0.011    -0.012    -0.000    -0.020    -0.002     0.000     0.013    -0.030    -0.014     0.028     0.017    -0.020     0.005    -0.020     0.007    -0.029    -0.025    -0.215     0.017     0.000     0.008    -0.028    -0.019    -0.027
-15.700     0.011    -0.013     0.022    -0.023     0.061     0.063     0.020    -0.102    -0.010     0.020    -0.004    -0.027    -0.011     0.001    -0.018    -0.036     0.022     0.056     0.013    -0.021     0.007    -0.021     0.000    -0.035     0.008    -0.004     0.015    -0.004    -0.000    -0.020     0.001    -0.057
-15.600    -0.202    -0.080     0.061    -0.021    -0.001    -0.105     0.046    -0.207    -0.030     0.077     0.001    -0.005    -0.004     0.001    -0.033     0.006    -0.052    -0.026     0.012    -0.020     0.012    -0.021     0.005    -0.016     0.137    -0.139     0.017    -0.017     0.007    -0.012     0.012    -0.050
-15.500    -0.004     0.454     0.004    -0.080     0.011     0.003     0.119     0.162    -0.014    -0.026    -0.010     0.013    -0.000     0.021    -0.006     0.011     0.002    -0.001     0.009    -0.022     0.013    -0.021     0.007    -0.023    -0.093     0.067     0.006    -0.002     0.017    -0.008     0.005     0.011
-15.400     0.084     0.001    -0.045    -0.076    -0.017     0.001    -0.036     0.326    -0.014    -0.031     0.003     0.006    -0.000     0.004    -0.012    -0.031    -0.025    -0.014     0.010    -0.015     0.017    -0.015     0.001    -0.035    -0.065    -0.034    -0.012    -0.013     0.011    -0.025     0.004     0.033
-15.300    -0.302     0.247    -0.033     0.003     0.009     0.032     0.045    -0.417    -0.011     0.060     0.005     0.012    -0.002     0.014     0.014    -0.007    -0.050    -0.043     0.011    -0.011     0.014    -0.018     0.005    -0.018    -0.115     0.047    -0.007     0.014     0.004    -0.022    -0.010    -0.012
-15.200    -0.011     0.132    -0.026    -0.032    -0.020    -0.081    -0.165     0.136    -0.015    -0.060    -0.003     0.004    -0.001     0.007    -0.001     0.017    -0.020    -0.008     0.007    -0.010     0.010    -0.024     0.005    -0.030    -0.051    -0.036     0.004     0.005     0.001    -0.019     0.017    -0.041
-15.100    -0.018     0.037    -0.009     0.008    -0.038     0.023     0.091    -0.042    -0.031    -0.029     0.004     0.012     0.009     0.011     0.014     0.019    -0.050     0.005     0.016    -0.020     0.006    -0.022     0.003    -0.033    -0.038    -0.013    -0.003    -0.031     0.007    -0.022     0.020    -0.016
-15.000    -0.074    -0.176    -0.030    -0.085    -0.028    -0.021     0.102     0.093     0.046    -0.032    -0.000     0.021     0.001     0.007    -0.007     0.026    -0.005     0.039     0.012    -0.005     0.007    -0.014     0.007    -0.035    -0.065    -0.045     0.012     0.011     0.024    -0.009     0.005    -0.023
-14.900    -0.173     0.105    -0.009    -0.017    -0.014    -0.025    -0.030    -0.136     0.078    -0.074     0.010     0.021     0.001     0.021    -0.006     0.016     0.031    -0.019     0.015    -0.018     0.004    -0.014     0.004    -0.032    -0.019    -0.091    -0.013    -0.023     0.001    -0.017     0.010    -0.022
-14.800    -0.011     0.078    -0.037    -0.063    -0.032    -0.085     0.134     0.106     0.060     0.027     0.006     0.016    -0.003     0.017    -0.004     0.008     0.022    -0.060     0.009    -0.018     0.003    -0.014    -0.004    -0.026     0.104     0.023     0.004    -0.016     0.014    -0.007     0.021    -0.014
-14.700     0.024    -0.107     0.004     0.038     0.003    -0.046     0.122     0.016     0.031     0.037     0.009     0.010    -0.003     0.001    -0.015    -0.011     0.007     0.002    -0.000    -0.025     0.007    -0.009     0.005    -0.020     0.009    -0.077     0.007     0.006     0.004     0.004     0.003    -0.025
-14.600    -0.222     0.057     0.021    -0.007     0.012    -0.134     0.050    -0.249     0.037     0.058     0.001     0.029    -0.012     0.004     0.003    -0.003     0.001     0.018    -0.000    -0.015     0.004    -0.012     0.005    -0.030     0.126     0.052     0.012    -0.013     0.011    -0.009     0.005    -0.004
-14.500     0.226    -0.008     0.027     0.046    -0.014    -0.041    -0.097    -0.209     0.011     0.084    -0.004     0.010    -0.011     0.006    -0.033    -0.024     0.029    -0.004     0.001    -0.019     0.003    -0.019     0.003    -0.021    -0.001    -0.048    -0.010    -0.042    -0.004    -0.001     0.023    -0.031
-14.400     0.207     0.224    -0.050    -0.128    -0.013    -0.032    -0.003     0.266    -0.035    -0.015    -0.005     0.000    -0.009     0.009    -0.014    -0.010     0.028     0.018     0.006    -0.021     0.002    -0.016     0.004    -0.017     0.037     0.004     0.006    -0.032     0.012    -0.005     0.007    -0.018
-14.300     0.172     0.165    -0.059    -0.071     0.019    -0.071     0.021    -0.051     0.041     0.053    -0.011     0.009    -0.010    -0.012    -0.028    -0.011     0.006    -0.017     0.007    -0.017     0.001    -0.020     0.009    -0.018    -0.005     0.059    -0.005    -0.016     0.002     0.002     0.021    -0.033
-14.200    -0.109     0.107    -0.022    -0.009     0.018    -0.030    -0.039     0.080     0.001     0.009    -0.013     0.017    -0.008    -0.017    -0.009    -0.021     0.018     0.062     0.008    -0.014    -0.000    -0.013     0.005    -0.030    -0.010     0.035    -0.011    -0.010     0.004    -0.018     0.024    -0.013
-14.100     0.024     0.348    -0.027    -0.083     0.007    -0.081     0.065    -0.273     0.004     0.048    -0.009    -0.013    -0.011    -0.020    -0.009     0.006     0.010     0.043     0.003    -0.005    -0.001    -0.019     0.004    -0.017     0.004     0.068     0.001    -0.030     0.011     0.022     0.017    -0.017
-14.000    -0.034    -0.192    -0.022    -0.019    -0.021     0.073    -0.118     0.148    -0.003    -0.004    -0.010     0.007    -0.010    -0.022     0.005    -0.021     0.041     0.032     0.001    -0.005    -0.001    -0.010    -0.006    -0.025    -0.025    -0.148    -0.001     0.019     0.009    -0.019     0.034    -0.002
-13.900     0.165     0.623     0.019    -0.042    -0.010    -0.065    -0.025    -0.080    -0.033    -0.016     0.001    -0.023    -0.017    -0.021    -0.020    -0.016    -0.016     0.024     0.006    -0.006    -0.001    -0.012     0.001    -0.015     0.035     0.047    -0.001    -0.005    -0.008    -0.020     0.000    -0.046
-13.800     0.034     0.300     0.001    -0.051    -0.003    -0.070     0.058    -0.107    -0.043     0.103    -0.004    -0.019    -0.006    -0.028    -0.012    -0.030     0.050    -0.009     0.009     0.001     0.003    -0.007    -0.000    -0.014     0.030     0.072     0.005    -0.001    -0.003    -0.034    -0.005    -0.040
-13.700    -0.095    -0.122     0.013    -0.003    -0.045    -0.017    -0.105    -0.045    -0.056    -0.026     0.007    -0.005    -0.012    -0.029    -0.006    -0.072     0.036     0.025     0.006     0.012     0.006    -0.009     0.001    -0.009     0.067    -0.040     0.012    -0.013    -0.001    -0.020    -0.010    -0.031
-13.600    -0.113    -0.210     0.018    -0.002    -0.013    -0.052    -0.108    -0.122     0.003     0.023    -0.012    -0.017    -0.002    -0.010    -0.009    -0.041     0.005     0.056     0.009     0.008     0.005    -0.014     0.000    -0.019    -0.038     0.161    -0.012    -0.023     0.005    -0.016    -0.017    -0.017
-13.500    -0.005     0.269     0.008    -0.018     0.027    -0.078     0.194     0.543    -0.035     0.040     0.016    -0.001     0.008    -0.024    -0.001    -0.030    -0.026    -0.040     0.015    -0.004     0.007    -0.010     0.006    -0.024     0.093     0.103    -0.001     0.022     0.010    -0.023    -0.005     0.011
-13.400     0.207     0.277    -0.026    -0.048    -0.044    -0.014     0.063     0.198    -0.000     0.110     0.018     0.008     0.005    -0.006    -0.028    -0.046    -0.003    -0.015     0.010     0.007     0.008    -0.017     0.005    -0.003    -0.059    -0.057     0.025     0.019    -0.007    -0.012     0.022     0.007
-13.300    -0.132    -0.408     0.014    -0.011    -0.003    -0.010     0.105     0.191     0.002     0.002     0.012    -0.004     0.004    -0.016    -0.001    -0.007     0.046    -0.040     0.015    -0.004     0.008    -0.011     0.005    -0.015     0.067     0.124    -0.006     0.003     0.016    -0.015     0.019    -0.018
-13.200    -0.129     0.010    -0.003    -0.096    -0.068     0.066     0.165     0.053    -0.054    -0.032     0.006    -0.001    -0.003    -0.003    -0.023    -0.004    -0.002     0.099     0.011    -0.009     0.008    -0.011    -0.004    -0.003     0.039    -0.080     0.007    -0.019     0.024     0.007     0.012     0.027
-13.100    -0.266    -0.383    -0.038     0.011    -0.035    -0.035    -0.050    -0.158     0.028    -0.043    -0.001     0.002     0.002    -0.002     0.002    -0.005     0.004    -0.019     0.009     0.008     0.008    -0.010     0.004    -0.009    -0.013     0.028    -0.000     0.014     0.008    -0.014     0.007     0.020
-13.000     0.203    -0.080    -0.060    -0.032    -0.063    -0.109    -0.080    -0.083     0.031    -0.056     0.004    -0.010    -0.003    -0.016    -0.021     0.005    -0.001    -0.009     0.011    -0.002     0.008    -0.006     0.002    -0.018     0.017    -0.036     0.011    -0.037    -0.001    -0.015     0.004     0.005
-12.900    -0.192    -0.011    -0.019     0.003    -0.012    -0.056     0.001    -0.023    -0.002    -0.005     0.011    -0.001    -0.001    -0.020     0.002    -0.036    -0.051    -0.029     0.010    -0.002     0.010    -0.004     0.002    -0.012    -0.088    -0.025    -0.019     0.024     0.007    -0.009     0.005    -0.006
-12.800    -0.053    -0.306    -0.030    -0.010    -0.057    -0.041     0.188    -0.049     0.014    -0.099     0.007    -0.020     0.004    -0.025     0.018    -0.032    -0.018     0.013     0.009     0.000     0.006    -0.006     0.011    -0.009    -0.068    -0.044    -0.010    -0.005     0.012    -0.023     0.021    -0.005
-12.700     0.023     0.335     0.008     0.026    -0.019    -0.107    -0.108    -0.239    -0.006     0.050    -0.011    -0.011     0.004    -0.010    -0.009    -0.040    -0.066     0.034     0.004     0.004     0.008    -0.006     0.007    -0.017    -0.074     0.274    -0.013    -0.014     0.004    -0.026     0.033    -0.024
-12.600     0.111    -0.265     0.016    -0.016    -0.034     0.014    -0.124    -0.294    -0.037     0.024     0.003    -0.008    -0.003    -0.010     0.003    -0.023    -0.048     0.004    -0.004    -0.005     0.009    -0.012     0.010    -0.016     0.031    -0.159    -0.002     0.012     0.008    -0.014     0.026     0.010
-12.500    -0.035     0.180     0.008    -0.043    -0.103    -0.053     0.090     0.073     0.055    -0.045    -0.010    -0.006    -0.000     0.004    -0.010    -0.061    -0.010     0.053     0.001     0.005     0.008    -0.008    -0.000    -0.016     0.028    -0.107     0.003     0.022     0.014    -0.009     0.004    -0.003
-12.400    -0.141     0.076    -0.033     0.019    -0.059     0.023    -0.218    -0.062     0.011     0.078    -0.016    -0.026     0.005    -0.013     0.002    -0.020     0.008     0.005    -0.001    -0.005     0.007    -0.013     0.005    -0.016    -0.048    -0.141    -0.025     0.009     0.003    -0.010     0.030    -0.007
-12.300    -0.014    -0.191    -0.091    -0.090    -0.089     0.027    -0.059    -0.044     0.057     0.086    -0.012    -0.017     0.004    -0.021     0.012    -0.078     0.035    -0.066    -0.012     0.013     0.006    -0.014     0.006    -0.020     0.141     0.104    -0.009    -0.008     0.020    -0.003     0.011     0.020
-12.200     0.126    -0.541    -0.029    -0.122    -0.026     0.054     0.097    -0.213     0.049    -0.016    -0.006    -0.025    -0.002    -0.012    -0.008    -0.091     0.037     0.015    -0.007    -0.000     0.004    -0.015     0.004    -0.023     0.087     0.120    -0.003     0.008     0.008    -0.019     0.003    -0.025
-12.100     0.128     0.050    -0.045    -0.099    -0.054     0.049    -0.052     0.244    -0.012    -0.078     0.001    -0.022    -0.000    -0.031     0.009    -0.080     0.029     0.011    -0.005     0.010     0.003    -0.017     0.005    -0.019    -0.106    -0.071     0.002     0.038     0.007    -0.029     0.003    -0.016
-12.000     0.073     0.022     0.018     0.013    -0.090     0.003    -0.035     0.019    -0.010     0.044    -0.005    -0.020     0.005    -0.024     0.005    -0.054     0.020     0.093    -0.008     0.009     0.004    -0.018     0.005    -0.008     0.057     0.153    -0.015     0.017     0.009    -0.016     0.017    -0.029
-11.900    -0.042     0.195    -0.017    -0.025    -0.055    -0.011    -0.054    -0.091    -0.020     0.050     0.013    -0.027     0.011    -0.017     0.010    -0.048     0.042     0.049    -0.001     0.006     0.006    -0.010     0.001     0.000    -0.020     0.074    -0.015     0.035     0.010    -0.016     0.010    -0.027
-11.800     0.224     0.086    -0.037    -0.049    -0.115     0.075    -0.149     0.028     0.023     0.016     0.000    -0.051     0.000    -0.027     0.002    -0.104     0.008     0.107     0.003    -0.005     0.006    -0.003     0.009     0.000    -0.099     0.012    -0.007     0.032     0.012    -0.025     0.027     0.039
-11.700    -0.078    -0.176     0.011    -0.067    -0.065    -0.005    -0.197    -0.107    -0.075    -0.047    -0.002    -0.030     0.006    -0.025    -0.006    -0.060    -0.018     0.114     0.000     0.004     0.009    -0.009     0.010     0.006    -0.059     0.069     0.022    -0.013     0.019    -0.012     0.012     0.010
-11.600    -0.094    -0.253     0.011    -0.002    -0.054    -0.045     0.066     0.063    -0.001    -0.098    -0.007    -0.031     0.002    -0.034     0.013    -0.073    -0.042     0.157     0.007     0.010     0.012    -0.004     0.006    -0.007    -0.027     0.177     0.007    -0.002     0.001    -0.026     0.002     0.007
-11.500     0.072    -0.198    -0.023    -0.079    -0.064    -0.090    -0.190    -0.355    -0.029    -0.035     0.005    -0.015     0.001    -0.040     0.000    -0.035    -0.048     0.067    -0.001     0.006     0.005    -0.002     0.010    -0.009     0.023    -0.004     0.007    -0.003     0.009    -0.004     0.007     0.002
-11.400     0.224    -0.408    -0.014    -0.083    -0.043    -0.083    -0.209    -0.279     0.056     0.026     0.000    -0.029     0.012    -0.045    -0.004    -0.066    -0.021     0.073     0.001     0.006     0.006     0.003     0.012     0.003     0.037    -0.051    -0.007    -0.021     0.012    -0.020    -0.003    -0.010
-11.300    -0.013    -0.138    -0.043    -0.033    -0.030    -0.026    -0.005     0.135     0.014     0.068     0.006    -0.050     0.011    -0.040    -0.017    -0.047    -0.005     0.111     0.003    -0.004     0.005    -0.000     0.006     0.001    -0.038     0.009     0.011     0.048    -0.007    -0.010     0.005     0.009
-11.200     0.192     0.369    -0.057    -0.049    -0.022    -0.071     0.131    -0.322    -0.056     0.055     0.007    -0.021     0.009    -0.054     0.003    -0.038     0.038     0.101    -0.004     0.010     0.005    -0.001     0.009     0.003     0.077    -0.013    -0.019    -0.016     0.002    -0.005     0.003    -0.002
-11.100     0.213    -0.057    -0.054     0.012    -0.045    -0.144    -0.251    -0.200     0.034     0.005     0.001    -0.029    -0.004    -0.032     0.002    -0.044     0.018     0.113    -0.002     0.014     0.001     0.006     0.005    -0.023    -0.014    -0.029    -0.003     0.012     0.000    -0.017     0.005    -0.034
-11.000     0.206    -0.354    -0.041     0.025    -0.052    -0.103    -0.104    -0.012    -0.002    -0.047     0.002    -0.015     0.003    -0.042     0.029    -0.053    -0.023     0.052     0.000    -0.001     0.000    -0.002     0.006    -0.003     0.042     0.079     0.017    -0.002     0.005    -0.010     0.012    -0.007
-10.900     0.247     0.121    -0.022     0.009    -0.025    -0.093     0.079    -0.152    -0.034    -0.050     0.014    -0.011     0.000    -0.037     0.013    -0.035    -0.032     0.047    -0.004     0.012     0.002     0.003     0.010    -0.006    -0.117     0.007     0.007     0.018    -0.008    -0.012    -0.002    -0.003
-10.800     0.123     0.213    -0.032    -0.029    -0.004    -0.114     0.095    -0.181    -0.047     0.012    -0.003    -0.011     0.001    -0.038     0.023    -0.063    -0.012     0.080    -0.005     0.007     0.004     0.004     0.008     0.001    -0.055     0.186    -0.006     0.021     0.001    -0.009     0.006    -0.011
-10.700     0.221    -0.160     0.026    -0.040    -0.038    -0.049     0.062    -0.363     0.029     0.013     0.009    -0.016     0.005    -0.054     0.031    -0.060     0.008     0.087    -0.006     0.023    -0.000     0.002     0.009    -0.008     0.009     0.074    -0.025     0.017    -0.001     0.009     0.024    -0.048
-10.600     0.145    -0.199    -0.019    -0.065    -0.024    -0.072    -0.011     0.201     0.002     0.019    -0.007    -0.031    -0.002    -0.039     0.033    -0.071    -0.021     0.019    -0.010     0.020    -0.001     0.001     0.005     0.003     0.061     0.057    -0.013     0.035    -0.004    -0.011    -0.010    -0.012
-10.500    -0.043    -0.531     0.000    -0.119    -0.029    -0.095     0.037    -0.224    -0.060     0.056     0.003    -0.012    -0.004    -0.045     0.030    -0.095    -0.005     0.108    -0.012     0.015    -0.001     0.002     0.003     0.012    -0.144     0.115    -0.034     0.023     0.001    -0.005    -0.011    -0.037
-10.400    -0.219    -0.135     0.044    -0.073    -0.017    -0.074    -0.000     0.004     0.030    -0.065    -0.004    -0.033    -0.004    -0.061     0.003    -0.079    -0.009     0.053    -0.012     0.017    -0.003     0.002    -0.003     0.000     0.062     0.082    -0.023     0.017    -0.011    -0.005    -0.004     0.020
-10.300     0.041    -0.185    -0.012    -0.034    -0.001    -0.118    -0.172    -0.212    -0.010    -0.048    -0.002    -0.015    -0.005    -0.058     0.000    -0.064    -0.013    -0.059    -0.010     0.025    -0.003     0.004     0.007     0.013    -0.032     0.129    -0.022     0.038    -0.014     0.004     0.006    -0.025
-10.200    -0.068     0.047    -0.003    -0.026     0.048    -0.080    -0.129    -0.146    -0.006    -0.017    -0.000    -0.031    -0.006    -0.060    -0.022    -0.065    -0.045    -0.041    -0.002     0.038    -0.005     0.007    -0.004     0.012     0.065     0.013    -0.005     0.009     0.002     0.003     0.013    -0.018
-10.100    -0.161    -0.284     0.027    -0.026    -0.003    -0.098    -0.067     0.021     0.056    -0.027    -0.005    -0.029    -0.010    -0.060    -0.009    -0.092    -0.040    -0.050    -0.008     0.025    -0.004     0.013     0.004     0.023    -0.032     0.017    -0.013     0.028    -0.005    -0.002    -0.016     0.066
-10.000    -0.000    -0.088     0.002    -0.056    -0.053    -0.135     0.015     0.136    -0.018     0.010    -0.001    -0.037    -0.000    -0.069     0.006    -0.085    -0.019     0.029    -0.016     0.028    -0.007     0.014    -0.005     0.020    -0.060     0.057    -0.015     0.048    -0.009    -0.004    -0.020    -0.003
-9.900    -0.216    -0.128    -0.008    -0.062    -0.061    -0.162     0.043    -0.141     0.099     0.174    -0.010    -0.033    -0.013    -0.069    -0.014    -0.110    -0.010     0.032    -0.017     0.032    -0.012     0.008    -0.002     0.024     0.012     0.087    -0.008     0.040    -0.021    -0.010    -0.016     0.025
-9.800    -0.006    -0.063     0.011    -0.079    -0.004    -0.058     0.049    -0.233     0.032     0.028    -0.004    -0.042     0.007    -0.082     0.002    -0.104     0.023     0.006    -0.015     0.021    -0.012     0.011    -0.008     0.024     0.038     0.009    -0.008     0.023    -0.011     0.018     0.006     0.006
-9.700    -0.002    -0.299    -0.003    -0.106    -0.010    -0.166     0.073    -0.174     0.036     0.016    -0.009    -0.038     0.009    -0.077     0.016    -0.091     0.022    -0.033    -0.019     0.028    -0.013     0.012    -0.010     0.016    -0.039    -0.061    -0.032     0.011    -0.007     0.018    -0.003     0.008
-9.600     0.004    -0.314    -0.008    -0.044    -0.027    -0.163     0.003    -0.086    -0.034    -0.099    -0.021    -0.030     0.009    -0.070     0.028    -0.054    -0.025     0.001    -0.024     0.036    -0.012     0.007    -0.012     0.019    -0.052    -0.090    -0.023     0.001    -0.007     0.019     0.019     0.023
-9.500    -0.103    -0.012     0.006    -0.134    -0.019    -0.125    -0.160    -0.249     0.065    -0.020    -0.025    -0.041     0.004    -0.081     0.008    -0.079    -0.005    -0.044    -0.024     0.026    -0.016     0.006    -0.011     0.017    -0.112    -0.055    -0.026     0.016     0.003     0.009    -0.012    -0.025
-9.400     0.314    -0.161    -0.025    -0.122     0.053    -0.131     0.099    -0.226     0.046    -0.116    -0.029    -0.033     0.005    -0.082     0.025    -0.073     0.013    -0.018    -0.026     0.028    -0.015     0.012    -0.006     0.036     0.009    -0.003    -0.028    -0.000    -0.006    -0.003    -0.027     0.012
-9.300     0.068    -0.209     0.038    -0.127     0.062    -0.123     0.212     0.031    -0.027    -0.065    -0.020    -0.042     0.012    -0.088     0.011    -0.117     0.047    -0.026    -0.029     0.035    -0.017     0.016    -0.013     0.027     0.002     0.022    -0.035     0.024    -0.001     0.009    -0.039     0.039
-9.200    -0.097    -0.144     0.037    -0.042     0.058    -0.183     0.030    -0.199     0.002    -0.117    -0.019    -0.026     0.009    -0.077     0.006    -0.121     0.028     0.069    -0.029     0.038    -0.015     0.018    -0.003     0.029     0.002     0.157    -0.014     0.027    -0.003     0.005     0.012     0.069
-9.100    -0.027    -0.153    -0.000    -0.050    -0.003    -0.122     0.095     0.079     0.002    -0.003    -0.015    -0.039     0.015    -0.081     0.024    -0.089    -0.008     0.098    -0.025     0.035    -0.015     0.017     0.005     0.012     0.024     0.055    -0.035     0.034    -0.004     0.008     0.023     0.027
-9.000    -0.095     0.173    -0.009    -0.023     0.048    -0.127    -0.049    -0.089     0.020    -0.079    -0.013    -0.039     0.007    -0.082     0.056    -0.109     0.039     0.076    -0.033     0.039    -0.014     0.015     0.006     0.009     0.040    -0.083    -0.028     0.043    -0.002     0.007    -0.019     0.001
-8.900    -0.133    -0.509    -0.055    -0.042     0.042    -0.140     0.064    -0.154    -0.030    -0.061    -0.018    -0.016     0.007    -0.084     0.038    -0.101     0.003     0.115    -0.026     0.045    -0.014     0.015     0.005    -0.002     0.049     0.171    -0.029     0.025    -0.012     0.003    -0.000     0.056
-8.800    -0.017     0.016    -0.004    -0.076     0.046    -0.116     0.176    -0.273     0.012    -0.006    -0.021    -0.031     0.012    -0.079     0.033    -0.078     0.026     0.122    -0.029     0.044    -0.011     0.015     0.011     0.023    -0.029     0.022    -0.033     0.017    -0.011    -0.014    -0.005    -0.005
-8.700    -0.042    -0.147     0.019    -0.057     0.003    -0.049    -0.028    -0.083    -0.022    -0.033    -0.012    -0.030     0.020    -0.072     0.038    -0.053     0.036     0.098    -0.034     0.048    -0.013     0.011     0.009     0.017     0.092     0.189    -0.028     0.036    -0.005     0.013    -0.021     0.019
-8.600    -0.082    -0.104    -0.004    -0.048     0.089    -0.049     0.176    -0.135     0.002    -0.037    -0.007    -0.029     0.015    -0.089     0.052    -0.110     0.036     0.069    -0.038     0.043    -0.017     0.008     0.004     0.022     0.018     0.027    -0.035     0.047    -0.015     0.012     0.004     0.002
-8.500     0.023     0.114    -0.028    -0.065     0.032    -0.101     0.174    -0.158     0.016     0.001    -0.008    -0.005     0.015    -0.075     0.058    -0.110     0.052     0.079    -0.032     0.047    -0.016     0.008     0.006     0.018    -0.016     0.087    -0.031     0.028    -0.024    -0.013     0.005     0.007
-8.400     0.068    -0.029     0.008    -0.045     0.079    -0.162     0.076    -0.236     0.051     0.021    -0.017    -0.022     0.009    -0.068     0.059    -0.089     0.021     0.043    -0.034     0.047    -0.021     0.005    -0.001     0.009    -0.058     0.160    -0.023     0.041    -0.007     0.020    -0.004     0.008
-8.300     0.264     0.193     0.035    -0.081     0.072    -0.126     0.260    -0.349    -0.006    -0.000    -0.022    -0.033     0.004    -0.080     0.060    -0.112     0.040     0.054    -0.030     0.044    -0.021     0.007     0.000     0.020     0.157     0.004    -0.014     0.018    -0.016     0.004     0.020     0.015
-8.200     0.096    -0.105     0.014    -0.079     0.034    -0.063     0.065    -0.185     0.011    -0.020    -0.023    -0.027     0.014    -0.077     0.057    -0.102     0.016     0.061    -0.028     0.045    -0.019     0.009    -0.003     0.006     0.077     0.199    -0.026     0.053    -0.007     0.008    -0.024    -0.015
-8.100    -0.004    -0.010     0.007    -0.020     0.088    -0.172     0.028    -0.199    -0.015     0.004    -0.022    -0.039     0.018    -0.073     0.044    -0.102     0.041     0.062    -0.025     0.039    -0.014     0.010     0.004     0.011     0.064     0.092    -0.019     0.020     0.002     0.014     0.022     0.048
-8.000     0.039    -0.032     0.015    -0.034     0.085    -0.013     0.136    -0.345    -0.030     0.017    -0.025    -0.036     0.018    -0.075     0.039    -0.126     0.011     0.087    -0.029     0.050    -0.017     0.018     0.008     0.003     0.009     0.023    -0.005     0.077     0.000     0.026     0.003     0.024
-7.900     0.067     0.147     0.035    -0.041     0.095    -0.074     0.183    -0.211    -0.013    -0.023    -0.019    -0.043     0.015    -0.066     0.069    -0.155     0.050     0.061    -0.033     0.055    -0.020     0.014    -0.002     0.011     0.024    -0.087     0.000     0.021     0.001     0.020    -0.009    -0.021
-7.800     0.107    -0.218     0.035    -0.008     0.083    -0.088     0.078    -0.284    -0.002    -0.032    -0.018    -0.030     0.019    -0.092     0.066    -0.115     0.043     0.050    -0.031     0.049    -0.017     0.019     0.007     0.007     0.023    -0.086    -0.006     0.030    -0.003     0.014     0.036     0.013
-7.700     0.188     0.048     0.042    -0.041     0.080    -0.040     0.048    -0.191    -0.021    -0.048    -0.025    -0.035     0.029    -0.083     0.081    -0.094     0.035     0.042    -0.035     0.055    -0.020     0.017     0.006     0.011     0.011     0.107    -0.009     0.051    -0.014    -0.010     0.038     0.025
-7.600    -0.004    -0.094     0.054     0.022     0.076    -0.047     0.154    -0.130    -0.023     0.012    -0.027    -0.042     0.029    -0.073     0.065    -0.124     0.033     0.042    -0.042     0.047    -0.019     0.023     0.010     0.013    -0.022    -0.039    -0.017     0.055    -0.008     0.009    -0.011     0.044
-7.500    -0.009     0.103    -0.001    -0.026     0.082     0.001     0.102     0.113    -0.010    -0.077    -0.036    -0.039     0.035    -0.071     0.077    -0.102     0.016     0.004    -0.044     0.060    -0.021     0.016     0.001     0.007     0.030     0.061    -0.022     0.025    -0.009    -0.004    -0.027     0.027
-7.400    -0.085     0.166     0.056    -0.005     0.099    -0.047     0.142     0.070    -0.030     0.058    -0.021    -0.036     0.029    -0.067     0.073    -0.078     0.014     0.040    -0.042     0.044    -0.017     0.019    -0.001     0.015     0.039    -0.043    -0.032     0.080    -0.007    -0.003    -0.007     0.009
-7.300    -0.095     0.005     0.038    -0.009     0.117    -0.029     0.150     0.117    -0.049     0.050    -0.021    -0.024     0.040    -0.068     0.051    -0.106     0.036     0.079    -0.049     0.050    -0.016     0.017    -0.004     0.037     0.098     0.042    -0.027     0.036     0.003    -0.008    -0.022    -0.089
-7.200     0.112     0.480     0.020     0.078     0.102     0.042     0.221    -0.110    -0.032    -0.043    -0.015    -0.023     0.034    -0.077     0.074    -0.079     0.024     0.057    -0.049     0.055    -0.021     0.025     0.014     0.011     0.037    -0.052    -0.018     0.033    -0.022    -0.001    -0.041     0.077
-7.100     0.010     0.240     0.022     0.027     0.142    -0.005     0.270    -0.031    -0.053     0.077    -0.024    -0.020     0.042    -0.064     0.068    -0.087     0.034     0.012    -0.045     0.052    -0.019     0.021     0.005     0.032     0.052    -0.011    -0.040     0.024    -0.025     0.012    -0.009     0.066
-7.000    -0.144     0.081     0.022     0.015     0.122    -0.033     0.233    -0.022    -0.036    -0.044    -0.025    -0.021     0.037    -0.075     0.065    -0.074     0.010     0.031    -0.048     0.049    -0.016     0.016     0.006     0.021    -0.096    -0.031    -0.028     0.040    -0.006     0.019     0.034     0.021
-6.900    -0.154     0.072    -0.006     0.054     0.137     0.027     0.180    -0.130    -0.047     0.064    -0.025    -0.011     0.036    -0.071     0.083    -0.063    -0.026     0.042    -0.047     0.047    -0.012     0.014     0.001     0.027     0.088    -0.035    -0.044     0.027    -0.019     0.007     0.023     0.013
-6.800    -0.083     0.188     0.055     0.043     0.123     0.002     0.234     0.016    -0.022     0.037    -0.017    -0.027     0.045    -0.061     0.095    -0.079     0.003     0.043    -0.040     0.060    -0.018     0.013     0.002     0.014     0.140     0.135    -0.037     0.032    -0.007    -0.030     0.001     0.016
-6.700    -0.051     0.199     0.051     0.034     0.139     0.038     0.248    -0.031    -0.026     0.063    -0.012    -0.016     0.046    -0.062     0.086    -0.093     0.003     0.099    -0.044     0.048    -0.014     0.020     0.010    -0.010     0.054     0.083    -0.022     0.014    -0.015     0.006    -0.008     0.041
-6.600    -0.078     0.181     0.055     0.083     0.127     0.066     0.127    -0.114    -0.025     0.032    -0.019    -0.006     0.048    -0.062     0.089    -0.087    -0.027     0.053    -0.042     0.054    -0.010     0.014     0.011     0.001     0.001     0.053    -0.022     0.059    -0.019     0.009     0.016     0.025
-6.500    -0.008     0.229     0.059     0.121     0.143     0.060     0.241    -0.020    -0.066     0.054    -0.021    -0.007     0.051    -0.067     0.105    -0.042    -0.018     0.100    -0.043     0.069    -0.001     0.024     0.027     0.017    -0.011    -0.093    -0.037     0.015    -0.007     0.000     0.029    -0.019
-6.400    -0.077     0.249     0.077     0.075     0.123     0.088     0.228     0.018    -0.050     0.050    -0.017    -0.035     0.056    -0.047     0.095    -0.065    -0.002     0.055    -0.044     0.054    -0.008     0.010     0.032     0.021    -0.028    -0.005    -0.024     0.053    -0.001    -0.006     0.032    -0.020
-6.300    -0.094     0.119     0.054     0.098     0.161     0.092     0.222     0.055    -0.040     0.073    -0.017    -0.014     0.056    -0.039     0.081    -0.042    -0.039     0.062    -0.041     0.043    -0.009     0.023     0.027     0.021    -0.020    -0.090    -0.045    -0.004    -0.007     0.003     0.045     0.068
-6.200    -0.089     0.054     0.047     0.115     0.154     0.113     0.204     0.130    -0.058     0.073    -0.017    -0.011     0.053    -0.032     0.099    -0.046    -0.024     0.052    -0.048     0.039    -0.011     0.012     0.027     0.013     0.002     0.012    -0.034    -0.001     0.001     0.004     0.008    -0.065
-6.100    -0.026     0.321     0.057     0.100     0.166     0.110     0.139     0.099    -0.022    -0.022    -0.018    -0.026     0.054    -0.026     0.107    -0.055     0.011     0.028    -0.040     0.045    -0.010     0.006     0.023    -0.011     0.044    -0.052     0.007     0.025    -0.011    -0.029    -0.004    -0.016
-6.000    -0.046     0.284     0.083     0.122     0.163     0.155     0.201     0.099    -0.044     0.102    -0.020    -0.013     0.059    -0.035     0.090    -0.047     0.033     0.039    -0.041     0.045    -0.004     0.002     0.027    -0.020     0.050    -0.093    -0.026     0.025    -0.009    -0.018     0.043    -0.014
-5.900     0.085     0.341     0.071     0.134     0.204     0.080     0.349    -0.071    -0.042     0.023    -0.020    -0.009     0.062    -0.022     0.093    -0.070     0.025     0.063    -0.045     0.054    -0.010     0.004     0.028    -0.013    -0.002     0.259    -0.049     0.025     0.011    -0.056    -0.013    -0.014
-5.800     0.040     0.060     0.078     0.120     0.201     0.132     0.206     0.099    -0.086     0.081    -0.006    -0.014     0.055    -0.038     0.090    -0.056     0.014     0.073    -0.053     0.039    -0.004    -0.000     0.031    -0.015     0.053     0.059    -0.036     0.019     0.012    -0.021     0.008    -0.051
-5.700    -0.035     0.077     0.089     0.120     0.180     0.133     0.260     0.063    -0.029    -0.014    -0.015    -0.002     0.065    -0.027     0.108    -0.011     0.036     0.041    -0.044     0.034     0.002     0.005     0.032    -0.011    -0.024     0.050    -0.015    -0.024    -0.011     0.020     0.015     0.041
-5.600    -0.132     0.102     0.069     0.102     0.209     0.119     0.267     0.103    -0.069    -0.016    -0.005     0.005     0.063    -0.020     0.104    -0.010    -0.007     0.035    -0.044     0.035    -0.001    -0.003     0.028     0.016     0.023    -0.028    -0.034     0.006     0.015    -0.021     0.031    -0.018
-5.500     0.016     0.138     0.100     0.156     0.196     0.141     0.211     0.111    -0.066     0.012    -0.010     0.019     0.055    -0.011     0.073    -0.018     0.029     0.071    -0.048     0.026    -0.007    -0.003     0.030     0.018     0.015    -0.039    -0.018     0.011    -0.014     0.019    -0.006    -0.100
-5.400    -0.067     0.111     0.078     0.147     0.197     0.147     0.209     0.091    -0.063    -0.001    -0.014     0.015     0.063    -0.011     0.125     0.002    -0.026     0.065    -0.042     0.047    -0.002     0.013     0.050     0.023     0.028    -0.105    -0.017    -0.027     0.008     0.009     0.046     0.022
-5.300    -0.063     0.189     0.105     0.118     0.167     0.098     0.174     0.059    -0.066     0.012    -0.010     0.017     0.063     0.000     0.109    -0.019     0.074     0.084    -0.049     0.037    -0.001     0.014     0.038     0.017     0.001     0.037    -0.043    -0.027    -0.008     0.008     0.014    -0.076
-5.200     0.033     0.218     0.113     0.155     0.157     0.118     0.219     0.054    -0.068     0.073    -0.004     0.016     0.056     0.024     0.104     0.069     0.039     0.073    -0.049     0.024     0.000     0.022     0.027     0.036    -0.007     0.051    -0.042     0.001    -0.000    -0.022     0.005     0.084
-5.100    -0.061     0.126     0.102     0.169     0.156     0.148     0.299     0.124    -0.074     0.017    -0.011     0.038     0.050     0.027     0.104     0.049     0.001     0.080    -0.050     0.038    -0.004     0.024     0.021     0.021    -0.036    -0.172    -0.052    -0.067    -0.018    -0.023     0.025    -0.036
-5.000    -0.022     0.212     0.117     0.166     0.141     0.154     0.160     0.216    -0.083     0.087    -0.013     0.045     0.053     0.024     0.081     0.046     0.003     0.145    -0.053     0.055    -0.002     0.024     0.026     0.038    -0.065    -0.022    -0.021     0.015     0.004     0.005     0.060    -0.096
-4.900     0.008     0.227     0.099     0.194     0.153     0.170     0.321     0.345    -0.111     0.040    -0.009     0.043     0.048     0.038     0.092     0.061     0.014     0.120    -0.061     0.051    -0.001     0.031     0.032     0.030    -0.029    -0.122    -0.041     0.006     0.044     0.045     0.033     0.049
-4.800    -0.085     0.266     0.096     0.184     0.143     0.179     0.275     0.263    -0.101     0.071    -0.018     0.053     0.044     0.040     0.098     0.047    -0.013     0.082    -0.056     0.063    -0.002     0.023     0.032     0.019    -0.037    -0.087    -0.033     0.012     0.020     0.022     0.037     0.013
-4.700    -0.002     0.264     0.080     0.205     0.157     0.170     0.196     0.230    -0.110     0.001    -0.017     0.068     0.045     0.044     0.109     0.040    -0.008     0.068    -0.051     0.051     0.004     0.027     0.036     0.045    -0.017     0.172    -0.037     0.051     0.010     0.018     0.018     0.074
-4.600     0.003     0.275     0.068     0.184     0.148     0.151     0.167     0.146    -0.079     0.081    -0.020     0.074     0.034     0.043     0.070     0.085    -0.020     0.049    -0.057     0.070     0.001     0.025     0.054     0.061    -0.111    -0.079    -0.027     0.016    -0.009     0.002     0.061    -0.012
-4.500    -0.073     0.182     0.044     0.190     0.126     0.149     0.216     0.247    -0.084     0.081    -0.022     0.089     0.037     0.042     0.090     0.053    -0.009     0.084    -0.053     0.070     0.006     0.041     0.046     0.039    -0.075     0.066    -0.048     0.007     0.017     0.015     0.055     0.008
-4.400     0.003     0.125     0.055     0.185     0.132     0.185     0.168     0.187    -0.107     0.052    -0.023     0.087     0.045     0.047     0.057     0.052    -0.033     0.094    -0.045     0.076    -0.003     0.039     0.051     0.044     0.027    -0.047    -0.053     0.051     0.008    -0.012     0.053     0.040
-4.300    -0.056     0.229     0.031     0.196     0.125     0.166     0.139     0.190    -0.100     0.058    -0.014     0.091     0.040     0.060     0.116     0.092    -0.012     0.004    -0.051     0.087     0.002     0.049     0.057     0.053    -0.028     0.004    -0.026     0.013     0.007     0.002     0.042     0.049
-4.200    -0.055     0.121     0.058     0.210     0.104     0.214     0.195     0.142    -0.101     0.105    -0.020     0.093     0.041     0.063     0.103     0.125    -0.072     0.117    -0.042     0.096     0.004     0.067     0.056     0.080    -0.075    -0.037    -0.035    -0.013    -0.030     0.048     0.081     0.024
-4.100    -0.025     0.086     0.053     0.209     0.094     0.187     0.173     0.220    -0.078     0.067    -0.018     0.113     0.034     0.080     0.094     0.089    -0.051     0.078    -0.041     0.091    -0.005     0.070     0.043     0.091    -0.004    -0.135     0.002     0.035     0.021     0.023     0.072     0.141
-4.000    -0.070     0.312     0.018     0.242     0.099     0.227     0.133     0.215    -0.131     0.068    -0.025     0.100     0.034     0.094     0.106     0.077    -0.074     0.130    -0.047     0.111     0.003     0.058     0.044     0.078    -0.149     0.032     0.006     0.024     0.003    -0.003    -0.040     0.016
-3.900    -0.066     0.222     0.038     0.240     0.074     0.221     0.068     0.210    -0.110     0.076    -0.018     0.107     0.025     0.087     0.077     0.152    -0.083     0.054    -0.041     0.103    -0.002     0.069     0.048     0.064    -0.144    -0.312    -0.041     0.008    -0.004     0.024     0.016    -0.088
-3.800    -0.061     0.190     0.017     0.252     0.073     0.229     0.178     0.226    -0.121     0.101    -0.012     0.112     0.018     0.099     0.080     0.110    -0.093     0.102    -0.044     0.101    -0.016     0.083     0.054     0.110    -0.207    -0.188    -0.081     0.044    -0.023     0.026    -0.011    -0.053
-3.700    -0.100     0.148     0.019     0.244     0.058     0.235     0.137     0.252    -0.115     0.027    -0.025     0.107     0.015     0.112     0.109     0.097    -0.131     0.030    -0.050     0.114    -0.007     0.071     0.059     0.111    -0.067     0.112    -0.060     0.074    -0.010     0.006     0.052    -0.047
-3.600    -0.030     0.170    -0.002     0.258     0.054     0.234     0.190     0.279    -0.115     0.089    -0.032     0.104     0.015     0.118     0.105     0.149    -0.102     0.068    -0.061     0.100    -0.004     0.100     0.058     0.138    -0.079     0.114    -0.026     0.108     0.060     0.022     0.017    -0.007
-3.500    -0.029     0.256    -0.001     0.247     0.060     0.226     0.047     0.111    -0.095     0.032    -0.029     0.111     0.013     0.126     0.090     0.154    -0.058     0.079    -0.058     0.110    -0.016     0.114     0.056     0.105    -0.124     0.098    -0.089     0.003    -0.026     0.012     0.013     0.109
-3.400    -0.081     0.240     0.024     0.243     0.054     0.247     0.120     0.242    -0.102     0.031    -0.039     0.114     0.018     0.140     0.110     0.168    -0.094    -0.011    -0.065     0.097    -0.012     0.115     0.037     0.089    -0.127     0.094    -0.068     0.084    -0.011     0.092    -0.049     0.017
-3.300    -0.072     0.202     0.004     0.251     0.053     0.238     0.025     0.209    -0.125     0.113    -0.045     0.110     0.016     0.136     0.148     0.156    -0.132     0.018    -0.067     0.114    -0.014     0.122     0.028     0.098    -0.135     0.185    -0.088     0.087     0.017     0.041     0.017     0.206
-3.200    -0.091     0.308     0.000     0.253     0.048     0.262     0.096     0.247    -0.132     0.054    -0.047     0.104     0.020     0.138     0.089     0.173    -0.130     0.049    -0.059     0.122    -0.022     0.128     0.067     0.094    -0.235     0.059    -0.028     0.030    -0.014     0.066     0.020     0.135
-3.100    -0.063     0.294     0.006     0.233     0.061     0.246     0.113     0.192    -0.107     0.024    -0.044     0.110     0.017     0.129     0.107     0.196    -0.158    -0.067    -0.066     0.115    -0.031     0.127     0.011     0.090    -0.168     0.136    -0.026     0.007    -0.028     0.041     0.074    -0.171
-3.000    -0.077     0.209     0.003     0.243     0.066     0.242     0.072     0.256    -0.111     0.063    -0.043     0.095     0.018     0.133     0.090     0.208    -0.144     0.155    -0.074     0.142    -0.037     0.150     0.040     0.100    -0.132     0.074    -0.026     0.051     0.017     0.076    -0.077     0.011
-2.900    -0.057     0.226     0.002     0.229     0.064     0.229     0.124     0.201    -0.134     0.114    -0.048     0.108     0.021     0.134     0.101     0.216    -0.134     0.138    -0.078     0.165    -0.036     0.161     0.036     0.182    -0.136    -0.054    -0.041     0.088    -0.063     0.042     0.052    -0.172
-2.800    -0.034     0.192     0.013     0.220     0.057     0.224     0.013     0.208    -0.141     0.041    -0.052     0.107     0.015     0.137     0.121     0.222    -0.181     0.036    -0.083     0.159    -0.047     0.163     0.011     0.131    -0.222     0.319    -0.047     0.121    -0.039     0.080    -0.067    -0.071
-2.700    -0.000     0.224     0.009     0.218     0.072     0.179     0.165     0.223    -0.151     0.045    -0.056     0.118     0.004     0.124     0.086     0.217    -0.180     0.037    -0.090     0.152    -0.045     0.171     0.009     0.132    -0.094     0.074    -0.077     0.036    -0.024     0.106    -0.049     0.124
-2.600     0.014     0.162    -0.002     0.195     0.048     0.181     0.189     0.033    -0.129     0.028    -0.060     0.124     0.012     0.121     0.071     0.194    -0.131     0.080    -0.088     0.180    -0.061     0.195     0.006     0.183    -0.032    -0.187    -0.088     0.234    -0.094     0.061    -0.084     0.139
-2.500     0.026     0.218    -0.010     0.206     0.044     0.190     0.112     0.104    -0.130     0.074    -0.068     0.135     0.007     0.117     0.053     0.144    -0.154     0.082    -0.079     0.179    -0.039     0.181     0.003     0.177    -0.157     0.128    -0.058     0.162    -0.045     0.106    -0.178     0.337
-2.400    -0.028     0.198    -0.020     0.225     0.048     0.185     0.166     0.127    -0.119     0.011    -0.057     0.146    -0.005     0.137     0.105     0.127    -0.150     0.040    -0.090     0.216    -0.060     0.176     0.042     0.187    -0.095     0.415    -0.051     0.133     0.038     0.025    -0.057     0.249
-2.300     0.010     0.130    -0.010     0.197     0.060     0.182     0.136     0.176    -0.146     0.053    -0.069     0.139    -0.016     0.141     0.083     0.157    -0.097     0.136    -0.094     0.223    -0.058     0.195     0.021     0.152     0.020     0.222    -0.085     0.202     0.040     0.108    -0.140    -0.211
-2.200    -0.001     0.123    -0.010     0.211     0.057     0.164     0.200     0.305    -0.145     0.015    -0.086     0.152    -0.017     0.121     0.073     0.178    -0.066     0.139    -0.079     0.248    -0.077     0.204     0.035     0.144    -0.031    -0.043    -0.030     0.297    -0.032     0.057    -0.119     0.274
-2.100    -0.031     0.142    -0.021     0.211     0.057     0.130     0.071     0.031    -0.152     0.050    -0.073     0.135    -0.014     0.118     0.065     0.238    -0.115     0.192    -0.090     0.271    -0.075     0.234    -0.029     0.207    -0.318     0.193    -0.108     0.112    -0.134    -0.022    -0.079     0.105
-2.000    -0.020     0.116    -0.013     0.209     0.064     0.129     0.108     0.068    -0.162    -0.010    -0.075     0.126    -0.014     0.121     0.064     0.219    -0.072     0.210    -0.111     0.283    -0.073     0.229    -0.001     0.232    -0.009    -0.124    -0.135     0.218    -0.068     0.261    -0.033    -0.044
-1.900    -0.019     0.107    -0.023     0.189     0.043     0.125     0.088     0.058    -0.139     0.030    -0.076     0.130    -0.024     0.128     0.048     0.161     0.023     0.075    -0.106     0.270    -0.062     0.247     0.010     0.191    -0.244     0.189    -0.141     0.289    -0.056     0.235     0.136    -0.043
-1.800    -0.087     0.102    -0.028     0.187     0.043     0.136     0.016     0.144    -0.122     0.049    -0.071     0.135    -0.022     0.131     0.088     0.160    -0.098     0.188    -0.104     0.297    -0.074     0.232     0.067     0.214    -0.163     0.180    -0.181     0.215    -0.044     0.203    -0.004     0.221
-1.700    -0.047     0.119    -0.025     0.173     0.042     0.145     0.159     0.331    -0.136     0.048    -0.069     0.121    -0.019     0.130     0.059     0.190    -0.113     0.161    -0.115     0.286    -0.064     0.235     0.021     0.214     0.125     0.164    -0.061     0.235    -0.096     0.131     0.241    -0.179
-1.600    -0.061     0.169    -0.008     0.182     0.057     0.166     0.098     0.130    -0.142    -0.020    -0.078     0.101    -0.022     0.146     0.056     0.162    -0.117     0.195    -0.131     0.239    -0.064     0.247     0.034     0.206    -0.063     0.389    -0.131     0.159    -0.155     0.186     0.089     0.089
-1.500    -0.072     0.115    -0.014     0.177     0.070     0.170     0.123     0.065    -0.105     0.044    -0.075     0.137    -0.027     0.135     0.075     0.147    -0.098     0.196    -0.113     0.253    -0.057     0.241     0.003     0.290    -0.500    -0.918    -0.142     0.206    -0.105     0.141    -0.038    -0.091
-1.400    -0.074     0.151    -0.003     0.191     0.071     0.150     0.073     0.127    -0.100     0.009    -0.067     0.107    -0.024     0.122     0.079     0.124    -0.133     0.253    -0.123     0.272    -0.069     0.296     0.020     0.351     0.325     0.940    -0.102     0.157    -0.140     0.217    -0.046    -0.030
-1.300    -0.061     0.097    -0.007     0.186     0.067     0.145     0.155     0.193    -0.123     0.016    -0.080     0.109    -0.021     0.136     0.116     0.102    -0.214     0.283    -0.138     0.300    -0.078     0.296     0.009     0.432    -0.368     0.809    -0.114     0.149    -0.045     0.243    -0.127    -0.129
-1.200    -0.046     0.160    -0.013     0.164     0.091     0.139     0.175     0.006    -0.104    -0.005    -0.077     0.112    -0.016     0.099     0.049     0.093    -0.174     0.305    -0.141     0.321    -0.081     0.324     0.046     0.357     0.022     0.077    -0.166     0.200     0.046     0.357    -0.156    -0.038
-1.100    -0.051     0.095    -0.005     0.165     0.093     0.150     0.103     0.211    -0.128     0.033    -0.085     0.099    -0.020     0.104     0.135     0.209    -0.179     0.241    -0.144     0.325    -0.103     0.298     0.048     0.317    -0.244     0.074    -0.060     0.343    -0.051     0.423    -0.350     0.536
-1.000    -0.008     0.097     0.005     0.152     0.084     0.148     0.224     0.085    -0.112     0.003    -0.081     0.099    -0.026     0.097     0.074     0.125    -0.127     0.167    -0.142     0.319    -0.103     0.328     0.018     0.358       nan       nan    -0.204     0.147    -0.086     0.230    -0.334     0.082
-0.900    -0.040     0.114    -0.017     0.160     0.094     0.118     0.147     0.023    -0.115    -0.024    -0.094     0.079    -0.024     0.085     0.088     0.164    -0.139     0.109    -0.132     0.333    -0.083     0.265     0.081     0.092    -0.101     0.427    -0.217     0.203    -0.106     0.086    -0.100     0.068
-0.800    -0.061     0.113    -0.007     0.147     0.086     0.097     0.256     0.057    -0.133     0.032    -0.101     0.062    -0.007     0.094     0.040     0.112    -0.066     0.287    -0.156     0.326    -0.091     0.302    -0.048     0.350    -0.063     0.868    -0.164     0.309    -0.061     0.205    -0.434     0.553
-0.700    -0.076     0.167     0.001     0.129     0.102     0.100     0.414     0.058    -0.109     0.033    -0.098     0.096    -0.014     0.102     0.036     0.220    -0.042     0.450    -0.144     0.268    -0.078     0.323     0.056     0.366     0.291     0.319    -0.029     0.318    -0.008     0.422    -0.421    -0.312
-0.600    -0.043     0.177     0.003     0.134     0.088     0.073     0.160     0.040    -0.120     0.061    -0.101     0.094    -0.022     0.095     0.075     0.164    -0.085     0.341    -0.163     0.349    -0.048     0.327     0.071     0.361    -0.084    -0.460    -0.051     0.099    -0.212     0.317     0.012    -0.495
-0.500    -0.014     0.162     0.013     0.136     0.091     0.066     0.118     0.180    -0.122     0.084    -0.127     0.108    -0.001     0.061     0.041     0.326    -0.044     0.331    -0.177     0.343    -0.049     0.300     0.000     0.301       nan       nan    -0.209     0.293    -0.114     0.439    -0.296     0.374
-0.400    -0.069     0.207     0.013     0.125     0.067     0.063    -0.006     0.119    -0.063     0.039    -0.115     0.093    -0.007     0.041     0.022     0.075    -0.104     0.237    -0.142     0.332    -0.047     0.288     0.130     0.320    -0.349    -0.734    -0.286     0.155     0.060     0.354    -0.194     0.575
-0.300    -0.030     0.102     0.009     0.104     0.065     0.065    -0.016     0.273    -0.184    -0.021    -0.119     0.104     0.007     0.000    -0.013     0.132    -0.138     0.355    -0.113     0.363    -0.059     0.294     0.034     0.218       nan       nan    -0.054     0.114    -0.035     0.427     0.027     0.902
-0.200    -0.047     0.189    -0.001     0.118     0.063     0.063     0.137    -0.052    -0.156     0.066    -0.131     0.063    -0.004    -0.007    -0.020    -0.034    -0.136     0.582    -0.140     0.422    -0.084     0.292     0.212     0.364    -0.100    -0.391    -0.180     0.349    -0.350     0.551       nan       nan
-0.100    -0.090     0.244    -0.002     0.116     0.061    -0.001     0.192    -0.193    -0.155     0.040    -0.141     0.009     0.007     0.014     0.006     0.017     0.011     0.502    -0.151     0.417    -0.076     0.285    -0.030     0.515    -0.385     0.883    -0.096     0.125    -0.170     0.645    -0.495    -0.794
0.000    -0.069     0.169    -0.016     0.106     0.047     0.002     0.033     0.183    -0.067     0.018    -0.138     0.051    -0.015    -0.076     0.014    -0.103    -0.101     0.331    -0.161     0.498    -0.035     0.329     0.379     0.214    -0.500     0.373    -0.074     0.670    -0.234     0.405       nan       nan
0.100    -0.047     0.122    -0.010     0.118     0.052     0.001     0.086     0.152    -0.144     0.064    -0.118     0.029     0.009    -0.070     0.129    -0.090     0.100     0.138    -0.120     0.440    -0.095     0.374     0.018     0.297       nan       nan    -0.007     0.538     0.085    -0.225       nan       nan
0.200    -0.067     0.187    -0.038     0.128     0.036    -0.019     0.038    -0.729    -0.137     0.043    -0.128     0.001    -0.012    -0.111    -0.016     0.108    -0.142     0.223    -0.166     0.486    -0.112     0.277     0.033     0.386       nan       nan     0.068     0.855    -0.228    -0.538     0.587    -0.051
0.300    -0.100     0.134    -0.046     0.112     0.067    -0.072    -0.037    -0.150    -0.185    -0.023    -0.137     0.029     0.005    -0.142     0.104     0.075    -0.051     0.316    -0.143     0.544    -0.150     0.338     0.146    -0.368       nan       nan     0.407     0.362    -0.016     0.098    -0.296     0.512
0.400    -0.097     0.206    -0.042     0.118     0.033    -0.041     0.159     0.882    -0.080     0.010    -0.108     0.029    -0.010    -0.111     0.061     0.188    -0.006     0.115    -0.164     0.526    -0.144     0.319    -0.092    -0.490       nan       nan       nan       nan     0.017     0.011       nan       nan
0.500    -0.052     0.130    -0.065     0.137     0.019    -0.047     0.423    -0.087    -0.133    -0.018    -0.126     0.020    -0.019    -0.150    -0.032    -0.260     0.275     0.157    -0.214     0.567    -0.048     0.102    -0.040    -0.203       nan       nan    -0.316     0.105    -0.216    -0.361       nan       nan
0.600    -0.058     0.194    -0.078     0.069     0.061    -0.057    -0.135    -0.042    -0.137    -0.017    -0.126     0.047     0.054     0.006     0.292     0.131     0.082    -0.291    -0.190     0.521    -0.074     0.170    -0.016    -0.590       nan       nan    -0.394    -0.569       nan       nan       nan       nan
0.700    -0.068     0.121    -0.062     0.083     0.020    -0.025    -0.023    -0.906    -0.134     0.010    -0.125     0.005     0.051    -0.054     0.207     0.078     0.085     0.011    -0.241     0.614    -0.157     0.229     0.339    -0.923       nan       nan    -0.426     0.114    -0.040     0.856       nan       nan
0.800    -0.075     0.213    -0.056     0.089     0.080    -0.131    -0.296    -0.936    -0.128     0.053    -0.142    -0.047     0.050    -0.064    -0.083    -0.055    -0.185     0.206    -0.235     0.473    -0.044     0.219       nan       nan       nan       nan    -0.237    -0.106       nan       nan       nan       nan
0.900    -0.072     0.122    -0.052     0.066     0.072    -0.041       nan       nan    -0.045    -0.021    -0.132    -0.039     0.032    -0.065     0.079    -0.157    -0.178     0.722    -0.264     0.457    -0.133     0.597       nan       nan       nan       nan    -0.232     0.846       nan       nan       nan       nan
1.000     0.029     0.172    -0.028     0.010     0.021    -0.132       nan       nan    -0.181    -0.042    -0.127    -0.075     0.018    -0.062     0.083     0.037     0.314     0.167    -0.271     0.541    -0.241     0.532    -0.331     0.849       nan       nan    -0.273     0.644    -0.498     0.809       nan       nan
1.100    -0.081     0.162    -0.011     0.003     0.064    -0.192     0.007     0.116    -0.076    -0.038    -0.085    -0.091     0.051    -0.133    -0.218     0.219     0.210     0.284    -0.255     0.353    -0.339     0.368    -0.278    -0.489       nan       nan       nan       nan       nan       nan       nan       nan
1.200    -0.045     0.047    -0.043     0.007     0.018    -0.132       nan       nan    -0.091     0.038    -0.164    -0.089    -0.007    -0.066    -0.029     0.176    -0.418     0.309    -0.269     0.394    -0.250     0.554    -0.235    -0.350       nan       nan    -0.408     0.599    -0.272     0.309       nan       nan
1.300    -0.055     0.045     0.001    -0.009     0.069    -0.282       nan       nan     0.108     0.052    -0.140    -0.178     0.073    -0.091     0.277     0.075    -0.486     0.444    -0.196     0.129     0.087     0.454       nan       nan       nan       nan       nan       nan    -0.474     0.671       nan       nan
1.400     0.017     0.066    -0.016     0.049     0.093    -0.211    -0.446     0.724     0.005    -0.133    -0.145    -0.171     0.063    -0.113    -0.352     0.228    -0.265     0.021    -0.341     0.514    -0.392     0.033       nan       nan       nan       nan    -0.496     0.959    -0.500     0.760       nan       nan
1.500     0.049     0.082     0.024    -0.034     0.128    -0.124     0.253    -0.362     0.008     0.035    -0.086    -0.154     0.088    -0.221    -0.066    -0.544    -0.487     0.998    -0.155     0.488    -0.282     0.765       nan       nan       nan       nan       nan       nan       nan       nan       nan       nan
1.600     0.017    -0.084    -0.004    -0.008     0.070    -0.276       nan       nan     0.047     0.114    -0.107    -0.167     0.049    -0.129     0.203    -0.719       nan       nan    -0.179     0.355       nan       nan       nan       nan       nan       nan       nan       nan       nan       nan       nan       nan
1.700     0.067     0.025     0.004    -0.001     0.099    -0.148       nan       nan     0.046    -0.039    -0.146    -0.103     0.077    -0.297       nan       nan    -0.456    -0.767    -0.271     0.530       nan       nan    -0.464     0.898       nan       nan       nan       nan       nan       nan       nan       nan
1.800     0.027     0.056     0.027    -0.027     0.150    -0.212       nan       nan    -0.053    -0.059    -0.117    -0.247     0.007    -0.319       nan       nan     0.573     0.493     0.513     0.208       nan       nan       nan       nan       nan       nan       nan       nan       nan       nan       nan       nan
1.900     0.073     0.011     0.027    -0.003     0.232    -0.056       nan       nan    -0.069    -0.144    -0.144    -0.146    -0.010    -0.161       nan       nan       nan       nan    -0.364     0.366    -0.120     0.345       nan       nan       nan       nan       nan       nan       nan       nan       nan       nan
2.000     0.057     0.150    -0.006    -0.037     0.076     0.081       nan       nan    -0.047    -0.141    -0.150    -0.203    -0.058    -0.291    -0.394    -0.177       nan       nan     0.091     0.059       nan       nan       nan       nan       nan       nan       nan       nan       nan       nan       nan       nan
2.100     0.044     0.199     0.041     0.007     0.137     0.078       nan       nan    -0.065    -0.144    -0.148    -0.180    -0.139    -0.376       nan       nan       nan       nan    -0.222     0.739       nan       nan       nan       nan       nan       nan    -0.457    -0.941       nan       nan       nan       nan
2.200     0.181    -0.037     0.112     0.019     0.167    -0.138       nan       nan    -0.074    -0.092    -0.247    -0.060    -0.217    -0.235       nan       nan    -0.124     0.464    -0.480     0.172       nan       nan       nan       nan       nan       nan       nan       nan       nan       nan       nan       nan
2.300     0.130     0.049     0.077    -0.050     0.073     0.032       nan       nan    -0.117    -0.222    -0.218    -0.198    -0.119    -0.115       nan       nan    -0.458     0.312    -0.496     0.943       nan       nan       nan       nan       nan       nan       nan       nan       nan       nan       nan       nan
2.400     0.218    -0.062     0.076    -0.037     0.204     0.092       nan       nan    -0.132    -0.203    -0.193    -0.090     0.066    -0.090       nan       nan    -0.472     0.984    -0.413     0.747       nan       nan       nan       nan       nan       nan       nan       nan       nan       nan       nan       nan
2.500     0.135     0.248     0.099    -0.041     0.232     0.134       nan       nan    -0.118    -0.260    -0.152    -0.009    -0.062    -0.647       nan       nan       nan       nan    -0.438    -0.085    -0.466    -0.319       nan       nan       nan       nan       nan       nan       nan       nan       nan       nan
2.600     0.117     0.076     0.078    -0.125     0.131    -0.402       nan       nan    -0.190    -0.321    -0.160    -0.105     0.167    -0.616       nan       nan       nan       nan    -0.254     0.175       nan       nan       nan       nan       nan       nan       nan       nan       nan       nan       nan       nan
2.700     0.277     0.110     0.094     0.115    -0.120    -0.100       nan       nan    -0.157    -0.316    -0.180     0.118     0.057    -0.994       nan       nan       nan       nan    -0.439     0.601       nan       nan       nan       nan       nan       nan       nan       nan       nan       nan       nan       nan
2.800     0.338    -0.009     0.034    -0.077     0.095     0.211       nan       nan    -0.253    -0.445    -0.050    -0.169    -0.168    -0.338       nan       nan       nan       nan       nan       nan    -0.180    -0.009       nan       nan       nan       nan       nan       nan       nan       nan       nan       nan
2.900     0.306    -0.016    -0.017    -0.025    -0.008    -0.161       nan       nan    -0.273    -0.389     0.048    -0.350    -0.240    -0.998       nan       nan       nan       nan       nan       nan       nan       nan       nan       nan       nan       nan       nan       nan       nan       nan       nan       nan
3.000     0.207    -0.112    -0.031    -0.148     0.145     0.452       nan       nan    -0.311    -0.577    -0.026    -0.051       nan       nan       nan       nan       nan       nan     0.222     0.201       nan       nan       nan       nan       nan       nan       nan       nan       nan       nan       nan       nan
3.100     0.111    -0.023     0.039    -0.017     0.341    -0.320       nan       nan    -0.256    -0.562     0.021    -0.976       nan       nan       nan       nan       nan       nan       nan       nan       nan       nan       nan       nan       nan       nan       nan       nan       nan       nan       nan       nan
3.200     0.304    -0.238    -0.055    -0.033     0.040    -0.153       nan       nan    -0.205    -0.449    -0.219    -0.429       nan       nan       nan       nan       nan       nan       nan       nan       nan       nan       nan       nan       nan       nan       nan       nan       nan       nan       nan       nan
3.300     0.199    -0.029    -0.059    -0.089    -0.058    -0.634       nan       nan    -0.352    -0.485    -0.044    -0.803       nan       nan       nan       nan       nan       nan       nan       nan       nan       nan       nan       nan       nan       nan       nan       nan       nan       nan       nan       nan
3.400     0.397    -0.023     0.009     0.105    -0.098    -0.732       nan       nan    -0.397     0.439       nan       nan       nan       nan       nan       nan       nan       nan       nan       nan       nan       nan       nan       nan       nan       nan       nan       nan       nan       nan       nan       nan
3.500     0.496    -0.085     0.223    -0.231       nan       nan       nan       nan       nan       nan       nan       nan       nan       nan       nan       nan       nan       nan       nan       nan       nan       nan       nan       nan       nan       nan       nan       nan       nan       nan       nan       nan
3.600     0.661    -0.043    -0.025    -0.462       nan       nan       nan       nan       nan       nan       nan       nan       nan       nan       nan       nan       nan       nan       nan       nan       nan       nan       nan       nan       nan       nan       nan       nan       nan       nan       nan       nan
3.700       nan       nan     0.150    -0.108       nan       nan       nan       nan       nan       nan       nan       nan       nan       nan       nan       nan       nan       nan       nan       nan       nan       nan       nan       nan       nan       nan       nan       nan       nan       nan       nan       nan
3.800    -0.351     0.941     0.345    -0.340       nan       nan       nan       nan       nan       nan       nan       nan       nan       nan       nan       nan       nan       nan       nan       nan       nan       nan       nan       nan       nan       nan       nan       nan       nan       nan       nan       nan
3.900    -0.453     0.886     0.109     0.093       nan       nan       nan       nan       nan       nan       nan       nan       nan       nan       nan       nan       nan       nan       nan       nan       nan       nan       nan       nan       nan       nan       nan       nan       nan       nan       nan       nan
4.000       nan       nan     0.610    -0.310       nan       nan       nan       nan       nan       nan       nan       nan       nan       nan       nan       nan       nan       nan       nan       nan       nan       nan       nan       nan       nan       nan       nan       nan       nan       nan       nan       nan
4.200       nan       nan     0.628     0.084       nan       nan       nan       nan       nan       nan       nan       nan       nan       nan       nan       nan       nan       nan       nan       nan       nan       nan       nan       nan       nan       nan       nan       nan       nan       nan       nan       nan
4.300       nan       nan     0.295    -0.092       nan       nan       nan       nan       nan       nan       nan       nan       nan       nan       nan       nan       nan       nan       nan       nan       nan       nan       nan       nan       nan       nan       nan       nan       nan       nan       nan       nan
4.400       nan       nan     0.056     0.595       nan       nan       nan       nan       nan       nan       nan       nan       nan       nan       nan       nan       nan       nan       nan       nan       nan       nan       nan       nan       nan       nan       nan       nan       nan       nan       nan       nan
