   -5.0000    0.0000000    0.0000000    0.0000000    0.0000000
   -4.9000    0.0000000    0.0000000    0.0000000    0.0000000
   -4.8000    0.0000000    0.0000000    0.0000000    0.0000000
   -4.7000    0.0000000    0.0000000    0.0000000    0.0000000
   -4.6000    0.0000000    0.0000000    0.0000000    0.0000000
   -4.5000    0.0000000    0.0000000    0.0000000    0.0000000
   -4.4000    0.0000000    0.0000000    0.0000000    0.0000000
   -4.3000    0.0000000    0.0000000    0.0000000    0.0000000
   -4.2000    0.0000000    0.0000000    0.0000000    0.0000000
   -4.1000    0.0000000    0.0000000    0.0000000    0.0000000
   -4.0000    0.0000000    0.0000000    0.0000000    0.0000000
   -3.9000    0.0000000    0.0000000    0.0000000    0.0000000
   -3.8000    0.0000000    0.0000000    0.0000000    0.0000000
   -3.7000    0.0000000    0.0000000    0.0000000    0.0000000
   -3.6000    0.0000000    0.0000000    0.0000000    0.0000000
   -3.5000    0.0000000    0.0000000    0.0000000    0.0000000
   -3.4000    0.0000000    0.0000000    0.0000000    0.0000000
   -3.3000    0.0000000    0.0000000    0.0000000    0.0000000
   -3.2000    0.0000000    0.0000000    0.0000000    0.0000000
   -3.1000    0.0000000    0.0000000    0.0000000    0.0000000
   -3.0000    0.0000000    0.0000000    0.0000000    0.0000000
   -2.9000    0.0000000    0.0000000    0.0000000    0.0000000
   -2.8000    0.0000000    0.0000000    0.0000000    0.0000000
   -2.7000    0.0000000    0.0000000    0.0000000    0.0000000
   -2.6000    0.0000000    0.0000000    0.0000000    0.0000000
   -2.5000    0.0000000    0.0000000    0.0000000    0.0000000
   -2.4000    0.0000000    0.0000000    0.0000000    0.0000000
   -2.3000    0.0000000    0.0000000    0.0000000    0.0000000
   -2.2000    0.0000000    0.0000000    0.0000000    0.0000000
   -2.1000    0.0000000    0.0000000    0.0000000    0.0000000
   -2.0000    0.0000000    0.0000000    0.0000000    0.0000000
   -1.9000    0.0000000    0.0000000    0.0000000    0.0000000
   -1.8000    0.0000000    0.0000000    0.0000000    0.0000000
   -1.7000    0.0000000    0.0000000    0.0000000    0.0000000
   -1.6000    0.0000000    0.0000000    0.0000000    0.0000000
   -1.5000    0.0000000    0.0000000    0.0000000    0.0000000
   -1.4000    0.0000000    0.0000000    0.0000000    0.0000000
   -1.3000    0.0000000    0.0000000    0.0000000    0.0000000
   -1.2000    0.0000000    0.0000000    0.0000000    0.0000000
   -1.1000    0.0000000    0.0000000    0.0000000    0.0000000
   -1.0000    0.0000000    0.0000000    0.0000000    0.0000000
   -0.9000    0.0000000    0.0000000    0.0000000    0.0000000
   -0.8000    0.0000000    0.0000000    0.0000000    0.0000000
   -0.7000    0.0000000    0.0000000    0.0000000    0.0000000
   -0.6000    0.0000000    0.0000000    0.0000000    0.0000000
   -0.5000    0.0000000    0.0000000    0.0000000    0.0000000
   -0.4000    0.0000000    0.0000000    0.0000000    0.0000000
   -0.3000    0.0000000    0.0000000    0.0000000    0.0000000
   -0.2000    0.0000000    0.0000000    0.0000000    0.0000000
   -0.1000    0.0000000    0.0000000    0.0000000    0.0000000
    0.0000    0.0000000    0.0000000    0.0000000    0.0000000
    0.1000    0.0000000    0.0000000    0.0000000    0.0000000
    0.2000    0.0000000    0.0000000    0.0000000    0.0000000
    0.3000    0.0000000    0.0000000    0.0000000    0.0000000
    0.4000    0.0000000    0.0000000    0.0000000    0.0000000
    0.5000    0.0000000    0.0000000    0.0000000    0.0000000
    0.6000    0.0000000    0.0000000    0.0000000    0.0000000
    0.7000    0.0000000    0.0000000    0.0000000    0.0000000
    0.8000    0.0000000    0.0000000    0.0000000    0.0000000
    0.9000    0.0000000    0.0000000    0.0000000    0.0000000
    1.0000    0.0000000    0.0000000    0.0000000    0.0000000
    1.1000    0.0000000    0.0000000    0.0000000    0.0000000
    1.2000    0.0000000    0.0000000    0.0000000    0.0000000
    1.3000    0.0000000    0.0000000    0.0000000    0.0000000
    1.4000    0.0000000    0.0000000    0.0000000    0.0000000
    1.5000    0.0000000    0.0000000    0.0000000    0.0000000
    1.6000    0.0000000    0.0000000    0.0000000    0.0000000
    1.7000    0.0000000    0.0000000    0.0000000    0.0000000
    1.8000    0.0000000    0.0000000    0.0000000    0.0000000
    1.9000    0.0000000    0.0000000    0.0000000    0.0000000
    2.0000    0.0000000    0.0000000    0.0000000    0.0000000
    2.1000    0.0000000    0.0000000    0.0000000    0.0000000
    2.2000    0.0000000    0.0000000    0.0000000    0.0000000
    2.3000    0.0000000    0.0000000    0.0000000    0.0000000
    2.4000    0.0000000    0.0000000    0.0000000    0.0000000
    2.5000    0.0000000    0.0000000    0.0000000    0.0000000
    2.6000    0.0000000    0.0000000    0.0000000    0.0000000
    2.7000    0.0000000    0.0000000    0.0000000    0.0000000
    2.8000    0.0000000    0.0000000    0.0000000    0.0000000
    2.9000    0.0000000    0.0000000    0.0000000    0.0000000
    3.0000    0.0000000    0.0000000    0.0000000    0.0000000
    3.1000    0.0000000    0.0000000    0.0000000    0.0000000
    3.2000    0.0000000    0.0000000    0.0000000    0.0000000
    3.3000    0.0000000    0.0000000    0.0000000    0.0000000
    3.4000    0.0000000    0.0000000    0.0000000    0.0000000
    3.5000    0.0000000    0.0000000    0.0000000    0.0000000
    3.6000    0.0000000    0.0000000    0.0000000    0.0000000
    3.7000    0.0000000    0.0000000    0.0000000    0.0000000
    3.8000    0.0000000    0.0000000    0.0000000    0.0000000
    3.9000    0.0000000    0.0000000    0.0000000    0.0000000
    4.0000    0.0000000    0.0000000    0.0000000    0.0000000
    4.1000    0.0000000    0.0000000    0.0000000    0.0000000
    4.2000    0.0000000    0.0000000    0.0000000    0.0000000
    4.3000    0.0000000    0.0000000    0.0000000    0.0000000
    4.4000    0.0000000    0.0000000    0.0000000    0.0000000
    4.5000    0.0000000    0.0000000    0.0000000    0.0000000
    4.6000    0.0000000    0.0000000    0.0000000    0.0000000
    4.7000    0.0000000    0.0000000    0.0000000    0.0000000
    4.8000    0.0000000    0.0000000    0.0000000    0.0000000
    4.9000    0.0000000    0.0000000    0.0000000    0.0000000
    5.0000    0.0000000    0.0000000    0.0000000    0.0000000
    5.1000    0.0000000    0.0000000    0.0000000    0.0000000
    5.2000    0.0000000    0.0000000    0.0000000    0.0000000
    5.3000    0.0000000    0.0000000    0.0000000    0.0000000
    5.4000    0.0000000    0.0000000    0.0000000    0.0000000
    5.5000    0.0000000    0.0000000    0.0000000    0.0000000
    5.6000    0.0000000    0.0000000    0.0000000    0.0000000
    5.7000    0.0000000    0.0000000    0.0000000    0.0000000
    5.8000    0.0000000    0.0000000    0.0000000    0.0000000
    5.9000    0.0000000    0.0000000    0.0000000    0.0000000
    6.0000    0.0000000    0.0000000    0.0000000    0.0000000
    6.1000    0.0000000    0.0000000    0.0000000    0.0000000
    6.2000    0.0000000    0.0000000    0.0000000    0.0000000
    6.3000    0.0000000    0.0000000    0.0000000    0.0000000
    6.4000    0.0000000    0.0000000    0.0000000    0.0000000
    6.5000    0.0000000    0.0000000    0.0000000    0.0000000
    6.6000    0.0000000    0.0000000    0.0000000    0.0000000
    6.7000    0.0000000    0.0000000    0.0000000    0.0000000
    6.8000    0.0000000    0.0000000    0.0000000    0.0000000
    6.9000    0.0000000    0.0000000    0.0000000    0.0000000
    7.0000    0.0000000    0.0000000    0.0000000    0.0000000
    7.1000    0.0000000    0.0000000    0.0000000    0.0000000
    7.2000    0.0000000    0.0000000    0.0000000    0.0000000
    7.3000    0.0000000    0.0000000    0.0000000    0.0000000
    7.4000    0.0000000    0.0000000    0.0000000    0.0000000
    7.5000    0.0000000    0.0000000    0.0000000    0.0000000
    7.6000    0.0000000    0.0000000    0.0000000    0.0000000
    7.7000    0.0000000    0.0000000    0.0000000    0.0000000
    7.8000    0.0000000    0.0000000    0.0000000    0.0000000
    7.9000    0.0000000    0.0000000    0.0000000    0.0000000
    8.0000    0.0000000    0.0000000    0.0000000    0.0000000
    8.1000    0.0000000    0.0000000    0.0000000    0.0000000
    8.2000    0.0000000    0.0000000    0.0000000    0.0000000
    8.3000    0.0000000    0.0000000    0.0000000    0.0000000
    8.4000    0.0000000    0.0000000    0.0000000    0.0000000
    8.5000    0.0000000    0.0000000    0.0000000    0.0000000
    8.6000    0.0000000    0.0000000    0.0000000    0.0000000
    8.7000    0.0000000    0.0000000    0.0000000    0.0000000
    8.8000    0.0000000    0.0000000    0.0000000    0.0000000
    8.9000    0.0000000    0.0000000    0.0000000    0.0000000
    9.0000    0.0000000    0.0000000    0.0000000    0.0000000
    9.1000    0.0000000    0.0000000    0.0000000    0.0000000
    9.2000    0.0000000    0.0000000    0.0000000    0.0000000
    9.3000    0.0000000    0.0000000    0.0000000    0.0000000
    9.4000    0.0000000    0.0000000    0.0000000    0.0000000
    9.5000    0.0000000    0.0000000    0.0000000    0.0000000
    9.6000    0.0000000    0.0000000    0.0000000    0.0000000
    9.7000    0.0000000    0.0000000    0.0000000    0.0000000
    9.8000    0.0000000    0.0000000    0.0000000    0.0000000
    9.9000    0.0000000    0.0000000    0.0000000    0.0000000
   10.0000    0.0000000    0.0000000    0.0000000    0.0000000
   10.1000    0.0000000    0.0000000    0.0000000    0.0000000
   10.2000    0.0000000    0.0000000    0.0000000    0.0000000
   10.3000    0.0000000    0.0000000    0.0000000    0.0000000
   10.4000    0.0000000    0.0000000    0.0000000    0.0000000
   10.5000    0.0000000    0.0000000    0.0000000    0.0000000
   10.6000    0.0000000    0.0000000    0.0000000    0.0000000
   10.7000    0.0000000    0.0000000    0.0000000    0.0000000
   10.8000    0.0000000    0.0000000    0.0000000    0.0000000
   10.9000    0.0000000    0.0000000    0.0000000    0.0000000
   11.0000    0.0000000    0.0000000    0.0000000    0.0000000
   11.1000    0.0000000    0.0000000    0.0000000    0.0000000
   11.2000    0.0000000    0.0000000    0.0000000    0.0000000
   11.3000    0.0000000    0.0000000    0.0000000    0.0000000
   11.4000    0.0000000    0.0000000    0.0000000    0.0000000
   11.5000    0.0000000    0.0000000    0.0000000    0.0000000
   11.6000    0.0000000    0.0000000    0.0000000    0.0000000
   11.7000    0.0000000    0.0000000    0.0000000    0.0000000
   11.8000    0.0000000    0.0000000    0.0000000    0.0000000
   11.9000    0.0000000    0.0000000    0.0000000    0.0000000
   12.0000    0.0000000    0.0000000    0.0000000    0.0000000
   12.1000    0.0000000    0.0000000    0.0000000    0.0000000
   12.2000    0.0000000    0.0000000    0.0000000    0.0000000
   12.3000    0.0000000    0.0000000    0.0000000    0.0000000
   12.4000    0.0000000    0.0000000    0.0000000    0.0000000
   12.5000    0.0000000    0.0000000    0.0000000    0.0000000
   12.6000    0.0000000    0.0000000    0.0000000    0.0000000
   12.7000    0.0000000    0.0000000    0.0000000    0.0000000
   12.8000    0.0000000    0.0000000    0.0000000    0.0000000
   12.9000    0.0000000    0.0000000    0.0000000    0.0000000
   13.0000    0.0000000    0.0000000    0.0000000    0.0000000
   13.1000    0.0000000    0.0000000    0.0000000    0.0000000
   13.2000    0.0000000    0.0000000    0.0000000    0.0000000
   13.3000    0.0000000    0.0000000    0.0000000    0.0000000
   13.4000    0.0000000    0.0000000    0.0000000    0.0000000
   13.5000    0.0000000    0.0000000    0.0000000    0.0000000
   13.6000    0.0000000    0.0000000    0.0000000    0.0000000
   13.7000    0.0000000    0.0000000    0.0000000    0.0000000
   13.8000    0.0000000    0.0000000    0.0000000    0.0000000
   13.9000    0.0000000    0.0000000    0.0000000    0.0000000
   14.0000    0.0000000    0.0000000    0.0000000    0.0000000
   14.1000    0.0000000    0.0000000    0.0000000    0.0000000
   14.2000    0.0000000    0.0000000    0.0000000    0.0000000
   14.3000    0.0000000    0.0000000    0.0000000    0.0000000
   14.4000    0.0000000    0.0000000    0.0000000    0.0000000
   14.5000    0.0000000    0.0000000    0.0000000    0.0000000
   14.6000    0.0000000    0.0000000    0.0000000    0.0000000
   14.7000    0.0000000    0.0000000    0.0000000    0.0000000
   14.8000    0.0000000    0.0000000    0.0000000    0.0000000
   14.9000    0.0000000    0.0000000    0.0000000    0.0000000
   15.0000    0.0000000    0.0000000    0.0000000    0.0000000
   15.1000    0.0000000    0.0000000    0.0000000    0.0000000
   15.2000    0.0000000    0.0000000    0.0000000    0.0000000
   15.3000    0.0000000    0.0000000    0.0000000    0.0000000
   15.4000    0.0000000    0.0000000    0.0000000    0.0000000
   15.5000    0.0000000    0.0000000    0.0000000    0.0000000
   15.6000    0.0000000    0.0000000    0.0000000    0.0000000
   15.7000    0.0000000    0.0000000    0.0000000    0.0000000
   15.8000    0.0000000    0.0000000    0.0000000    0.0000000
   15.9000    0.0000000    0.0000000    0.0000000    0.0000000
   16.0000    0.0000000    0.0000000    0.0000000    0.0000000
   16.1000    0.0000000    0.0000000    0.0000000    0.0000000
   16.2000    0.0000000    0.0000000    0.0000000    0.0000000
   16.3000    0.0000000    0.0000000    0.0000000    0.0000000
   16.4000    0.0000000    0.0000000    0.0000000    0.0000000
   16.5000    0.0000000    0.0000000    0.0000000    0.0000000
   16.6000    0.0000000    0.0000000    0.0000000    0.0000000
   16.7000    0.0000000    0.0000000    0.0000000    0.0000000
   16.8000    0.0000000    0.0000000    0.0000000    0.0000000
   16.9000    0.0000000    0.0000000    0.0000000    0.0000000
   17.0000    0.0000000    0.0000000    0.0000000    0.0000000
   17.1000    0.0000000    0.0000000    0.0000000    0.0000000
   17.2000    0.0000000    0.0000000    0.0000000    0.0000000
   17.3000    0.0000000    0.0000000    0.0000000    0.0000000
   17.4000    0.0000000    0.0000000    0.0000000    0.0000000
   17.5000    0.0000000    0.0000000    0.0000000    0.0000000
   17.6000    0.0000000    0.0000000    0.0000000    0.0000000
   17.7000    0.0000000    0.0000000    0.0000000    0.0000000
   17.8000    0.0000000    0.0000000    0.0000000    0.0000000
   17.9000    0.0000000    0.0000000    0.0000000    0.0000000
   18.0000    0.0000000    0.0000000    0.0000000    0.0000000
   18.1000    0.0000000    0.0000000    0.0000000    0.0000000
   18.2000    0.0000000    0.0000000    0.0000000    0.0000000
   18.3000    0.0000000    0.0000000    0.0000000    0.0000000
   18.4000    0.0000000    0.0000000    0.0000000    0.0000000
   18.5000    0.0000000    0.0000000    0.0000000    0.0000000
   18.6000    0.0000000    0.0000000    0.0000000    0.0000000
   18.7000    0.0000000    0.0000000    0.0000000    0.0000000
   18.8000    0.0000000    0.0000000    0.0000000    0.0000000
   18.9000    0.0000000    0.0000000    0.0000000    0.0000000
   19.0000    0.0000000    0.0000000    0.0000000    0.0000000
   19.1000    0.0000000    0.0000000    0.0000000    0.0000000
   19.2000    0.0000000    0.0000000    0.0000000    0.0000000
   19.3000    0.0000000    0.0000000    0.0000000    0.0000000
   19.4000    0.0000000    0.0000000    0.0000000    0.0000000
   19.5000    0.0000000    0.0000000    0.0000000    0.0000000
   19.6000    0.0000000    0.0000000    0.0000000    0.0000000
   19.7000    0.0000000    0.0000000    0.0000000    0.0000000
   19.8000    0.0000000    0.0000000    0.0000000    0.0000000
   19.9000    0.0000000    0.0000000    0.0000000    0.0000000
   20.0000    0.0004568    0.0058572    0.0000302    0.0000951
   20.1000    0.0005048    0.0058402    0.0000353    0.0001084
   20.2000    0.0005567    0.0058410    0.0000381    0.0001215
   20.3000    0.0006152    0.0057548    0.0000386    0.0001381
   20.4000    0.0006737    0.0057307    0.0000462    0.0001551
   20.5000    0.0007378    0.0056593    0.0000474    0.0001759
   20.6000    0.0007992    0.0055084    0.0000567    0.0002012
   20.7000    0.0008700    0.0054847    0.0000562    0.0002301
   20.8000    0.0009706    0.0054461    0.0000621    0.0002672
   20.9000    0.0010498    0.0053548    0.0000676    0.0002925
   21.0000    0.0011264    0.0052699    0.0000735    0.0003133
   21.1000    0.0011895    0.0051167    0.0000814    0.0003467
   21.2000    0.0012880    0.0050357    0.0000860    0.0003923
   21.3000    0.0013846    0.0049417    0.0000938    0.0004520
   21.4000    0.0014921    0.0048334    0.0001082    0.0004989
   21.5000    0.0015946    0.0047126    0.0001239    0.0005453
   21.6000    0.0017371    0.0045965    0.0001370    0.0005941
   21.7000    0.0018968    0.0045316    0.0001543    0.0006414
   21.8000    0.0020192    0.0043514    0.0001700    0.0006885
   21.9000    0.0021648    0.0042513    0.0001914    0.0007201
   22.0000    0.0023487    0.0041098    0.0002185    0.0007565
   22.1000    0.0025281    0.0039364    0.0002277    0.0007935
   22.2000    0.0026753    0.0038037    0.0002513    0.0008283
   22.3000    0.0028535    0.0036434    0.0002649    0.0008732
   22.4000    0.0030213    0.0035290    0.0002793    0.0009433
   22.5000    0.0032118    0.0034029    0.0003070    0.0009671
   22.6000    0.0034195    0.0032348    0.0003354    0.0010072
   22.7000    0.0035918    0.0031506    0.0003632    0.0010463
   22.8000    0.0038168    0.0030390    0.0004075    0.0010653
   22.9000    0.0039880    0.0029239    0.0004374    0.0011172
   23.0000    0.0042121    0.0028588    0.0004590    0.0011564
   23.1000    0.0044017    0.0027790    0.0004847    0.0011697
   23.2000    0.0046271    0.0026978    0.0005100    0.0011707
   23.3000    0.0048441    0.0026373    0.0005296    0.0011924
   23.4000    0.0050839    0.0025753    0.0005499    0.0011901
   23.5000    0.0053314    0.0024638    0.0005643    0.0012139
   23.6000    0.0055549    0.0024028    0.0005658    0.0012326
   23.7000    0.0057829    0.0023366    0.0005877    0.0012543
   23.8000    0.0060402    0.0023067    0.0006027    0.0012724
   23.9000    0.0063506    0.0022158    0.0006151    0.0012972
   24.0000    0.0066441    0.0021571    0.0006378    0.0013364
   24.1000    0.0069974    0.0020794    0.0006311    0.0013510
   24.2000    0.0072549    0.0019665    0.0006529    0.0013736
   24.3000    0.0075664    0.0018915    0.0006607    0.0013684
   24.4000    0.0079046    0.0018135    0.0006750    0.0013285
   24.5000    0.0080947    0.0017307    0.0007086    0.0013450
   24.6000    0.0084773    0.0016565    0.0007387    0.0013578
   24.7000    0.0087825    0.0015914    0.0007477    0.0013724
   24.8000    0.0091142    0.0014945    0.0007754    0.0013592
   24.9000    0.0094925    0.0013991    0.0007847    0.0013569
   25.0000    0.0098348    0.0013273    0.0008173    0.0013689
   25.1000    0.0101937    0.0012529    0.0008449    0.0013836
   25.2000    0.0106147    0.0011629    0.0008457    0.0014049
   25.3000    0.0109882    0.0010741    0.0008782    0.0014385
   25.4000    0.0113622    0.0010281    0.0008885    0.0014418
   25.5000    0.0118169    0.0009541    0.0009035    0.0014660
   25.6000    0.0122201    0.0009049    0.0009085    0.0014942
   25.7000    0.0125265    0.0008543    0.0008992    0.0014897
   25.8000    0.0129809    0.0007697    0.0009218    0.0014567
   25.9000    0.0133545    0.0007141    0.0009168    0.0014299
   26.0000    0.0137202    0.0006640    0.0009144    0.0014314
   26.1000    0.0140950    0.0006137    0.0008946    0.0014124
   26.2000    0.0146137    0.0005437    0.0009125    0.0013907
   26.3000    0.0150311    0.0005057    0.0008872    0.0013493
   26.4000    0.0154098    0.0004644    0.0008894    0.0012896
   26.5000    0.0157410    0.0004348    0.0008829    0.0012336
   26.6000    0.0161489    0.0004080    0.0008458    0.0011734
   26.7000    0.0165274    0.0003497    0.0008572    0.0011312
   26.8000    0.0169588    0.0002998    0.0008374    0.0010304
   26.9000    0.0172149    0.0002602    0.0008146    0.0009967
   27.0000    0.0175289    0.0002331    0.0008048    0.0009263
   27.1000    0.0180256    0.0002123    0.0007993    0.0008589
   27.2000    0.0184596    0.0001955    0.0008076    0.0008310
   27.3000    0.0189252    0.0001746    0.0008064    0.0007751
   27.4000    0.0193166    0.0001536    0.0007876    0.0007402
   27.5000    0.0198431    0.0001394    0.0007972    0.0007080
   27.6000    0.0202588    0.0001249    0.0007876    0.0006740
   27.7000    0.0207102    0.0001178    0.0007917    0.0006395
   27.8000    0.0211462    0.0001008    0.0007830    0.0006000
   27.9000    0.0214705    0.0000903    0.0007733    0.0005735
   28.0000    0.0217573    0.0000724    0.0007631    0.0005497
   28.1000    0.0220705    0.0000595    0.0007184    0.0005300
   28.2000    0.0225558    0.0000451    0.0007219    0.0005196
   28.3000    0.0228651    0.0000435    0.0007142    0.0004982
   28.4000    0.0232371    0.0000377    0.0007192    0.0004942
   28.5000    0.0234009    0.0000402    0.0007167    0.0004671
   28.6000    0.0238139    0.0000337    0.0007212    0.0004406
   28.7000    0.0240933    0.0000277    0.0007341    0.0004221
   28.8000    0.0244105    0.0000272    0.0007182    0.0003927
   28.9000    0.0244153    0.0000255    0.0007362    0.0003677
   29.0000    0.0246770    0.0000218    0.0007099    0.0003426
   29.1000    0.0248462    0.0000189    0.0007060    0.0003320
   29.2000    0.0250159    0.0000130    0.0007057    0.0003085
   29.3000    0.0250959    0.0000108    0.0006820    0.0002877
   29.4000    0.0252800    0.0000127    0.0006716    0.0002654
   29.5000    0.0256051    0.0000143    0.0006765    0.0002349
   29.6000    0.0256741    0.0000083    0.0006645    0.0002316
   29.7000    0.0259287    0.0000095    0.0006435    0.0002269
   29.8000    0.0259941    0.0000098    0.0006366    0.0002059
   29.9000    0.0261613    0.0000087    0.0006168    0.0002115
   30.0000    0.0264594    0.0000070    0.0006200    0.0002037
   30.1000    0.0268268    0.0000055    0.0005966    0.0002094
   30.2000    0.0268520    0.0000076    0.0005551    0.0002159
   30.3000    0.0271781    0.0000070    0.0005519    0.0002169
   30.4000    0.0272882    0.0000063    0.0005628    0.0002207
   30.5000    0.0273895    0.0000050    0.0005424    0.0002160
   30.6000    0.0275903    0.0000031    0.0005379    0.0002041
   30.7000    0.0278013    0.0000016    0.0005466    0.0002001
   30.8000    0.0278940    0.0000006    0.0005462    0.0002029
   30.9000    0.0280707    0.0000002    0.0005702    0.0001855
   31.0000    0.0282843    0.0000000    0.0005603    0.0001870
   31.1000    0.0283512    0.0000000    0.0005553    0.0001743
   31.2000    0.0283942    0.0000000    0.0005309    0.0001721
   31.3000    0.0283549    0.0000000    0.0005412    0.0001614
   31.4000    0.0282966    0.0000000    0.0005200    0.0001559
   31.5000    0.0283357    0.0000000    0.0005153    0.0001473
   31.6000    0.0284492    0.0000000    0.0005113    0.0001415
   31.7000    0.0283668    0.0000000    0.0004948    0.0001370
   31.8000    0.0283888    0.0000000    0.0005008    0.0001274
   31.9000    0.0282346    0.0000000    0.0005016    0.0001320
   32.0000    0.0283276    0.0000000    0.0004898    0.0001358
   32.1000    0.0283519    0.0000000    0.0004767    0.0001342
   32.2000    0.0284140    0.0000000    0.0004683    0.0001429
   32.3000    0.0283314    0.0000000    0.0004719    0.0001330
   32.4000    0.0283551    0.0000000    0.0004691    0.0001384
   32.5000    0.0281552    0.0000000    0.0004623    0.0001411
   32.6000    0.0282447    0.0000000    0.0004675    0.0001422
   32.7000    0.0283254    0.0000000    0.0004323    0.0001396
   32.8000    0.0283693    0.0000000    0.0004269    0.0001429
   32.9000    0.0283156    0.0000000    0.0004327    0.0001407
   33.0000    0.0284205    0.0000000    0.0004348    0.0001280
   33.1000    0.0284113    0.0000000    0.0004267    0.0001292
   33.2000    0.0283618    0.0000000    0.0004052    0.0001364
   33.3000    0.0284187    0.0000000    0.0003882    0.0001454
   33.4000    0.0282514    0.0000000    0.0004008    0.0001484
   33.5000    0.0283924    0.0000000    0.0004046    0.0001419
   33.6000    0.0284376    0.0000000    0.0004012    0.0001466
   33.7000    0.0283547    0.0000000    0.0004001    0.0001478
   33.8000    0.0283953    0.0000000    0.0004049    0.0001481
   33.9000    0.0285093    0.0000000    0.0004046    0.0001441
   34.0000    0.0285462    0.0000000    0.0004047    0.0001519
   34.1000    0.0285774    0.0000000    0.0004012    0.0001618
   34.2000    0.0286595    0.0000000    0.0004055    0.0001685
   34.3000    0.0285267    0.0000000    0.0004180    0.0001708
   34.4000    0.0285139    0.0000000    0.0004129    0.0001723
   34.5000    0.0284541    0.0000000    0.0004213    0.0001722
   34.6000    0.0284849    0.0000000    0.0004197    0.0001889
   34.7000    0.0285107    0.0000000    0.0004144    0.0001964
   34.8000    0.0284066    0.0000000    0.0004198    0.0002075
   34.9000    0.0284539    0.0000000    0.0004177    0.0002094
   35.0000    0.0283845    0.0000000    0.0004283    0.0002175
   35.1000    0.0283022    0.0000000    0.0004335    0.0002087
   35.2000    0.0281801    0.0000000    0.0004278    0.0002222
   35.3000    0.0280912    0.0000000    0.0004440    0.0002347
   35.4000    0.0279539    0.0000000    0.0004340    0.0002262
   35.5000    0.0278219    0.0000000    0.0004440    0.0002369
   35.6000    0.0278197    0.0000000    0.0004308    0.0002410
   35.7000    0.0276481    0.0000000    0.0004371    0.0002538
   35.8000    0.0275781    0.0000000    0.0004204    0.0002550
   35.9000    0.0275689    0.0000000    0.0004292    0.0002611
   36.0000    0.0276087    0.0000000    0.0004315    0.0002594
   36.1000    0.0275426    0.0000000    0.0004335    0.0002584
   36.2000    0.0274818    0.0000000    0.0004483    0.0002594
   36.3000    0.0275974    0.0000000    0.0004507    0.0002590
   36.4000    0.0275754    0.0000000    0.0004622    0.0002590
   36.5000    0.0275877    0.0000000    0.0004395    0.0002526
   36.6000    0.0276907    0.0000000    0.0004356    0.0002412
   36.7000    0.0277423    0.0000000    0.0004323    0.0002322
   36.8000    0.0277487    0.0000000    0.0004199    0.0002435
   36.9000    0.0278601    0.0000000    0.0004172    0.0002629
   37.0000    0.0279274    0.0000000    0.0004090    0.0002597
   37.1000    0.0280450    0.0000000    0.0003784    0.0002633
   37.2000    0.0280267    0.0000000    0.0003825    0.0002743
   37.3000    0.0280052    0.0000000    0.0003842    0.0002733
   37.4000    0.0279449    0.0000000    0.0003883    0.0002741
   37.5000    0.0279102    0.0000000    0.0003966    0.0002758
   37.6000    0.0279696    0.0000000    0.0003986    0.0002697
   37.7000    0.0279313    0.0000000    0.0004047    0.0002552
   37.8000    0.0278811    0.0000000    0.0004069    0.0002436
   37.9000    0.0277037    0.0000000    0.0003967    0.0002512
   38.0000    0.0276162    0.0000000    0.0003941    0.0002757
   38.1000    0.0274614    0.0000000    0.0003833    0.0002716
   38.2000    0.0274226    0.0000000    0.0003869    0.0002874
   38.3000    0.0274825    0.0000000    0.0003882    0.0002892
   38.4000    0.0274039    0.0000000    0.0003887    0.0002922
   38.5000    0.0274041    0.0000000    0.0004000    0.0003098
   38.6000    0.0275084    0.0000000    0.0003944    0.0003156
   38.7000    0.0274732    0.0000000    0.0004017    0.0003206
   38.8000    0.0274087    0.0000000    0.0003908    0.0003158
   38.9000    0.0273947    0.0000000    0.0004059    0.0003172
   39.0000    0.0273003    0.0000000    0.0004054    0.0003207
   39.1000    0.0272589    0.0000000    0.0004192    0.0003047
   39.2000    0.0272850    0.0000000    0.0004229    0.0003191
   39.3000    0.0272260    0.0000000    0.0004298    0.0003122
   39.4000    0.0271385    0.0000000    0.0004269    0.0002707
   39.5000    0.0271005    0.0000000    0.0004332    0.0002646
   39.6000    0.0270012    0.0000000    0.0004343    0.0002494
   39.7000    0.0270163    0.0000000    0.0004250    0.0002447
   39.8000    0.0270309    0.0000000    0.0004382    0.0002331
   39.9000    0.0269845    0.0000000    0.0004270    0.0002336
   40.0000    0.0270394    0.0000000    0.0004086    0.0002378
   40.1000    0.0270589    0.0000000    0.0004340    0.0002374
   40.2000    0.0270091    0.0000000    0.0004288    0.0002427
   40.3000    0.0270141    0.0000000    0.0004301    0.0002384
   40.4000    0.0270220    0.0000000    0.0004350    0.0002374
   40.5000    0.0269929    0.0000000    0.0004342    0.0002578
   40.6000    0.0268290    0.0000000    0.0004265    0.0002666
   40.7000    0.0268050    0.0000000    0.0004346    0.0002932
   40.8000    0.0267626    0.0000000    0.0004336    0.0003016
   40.9000    0.0268156    0.0000000    0.0004361    0.0003235
   41.0000    0.0267874    0.0000000    0.0004396    0.0003216
   41.1000    0.0267343    0.0000000    0.0004430    0.0003297
   41.2000    0.0267913    0.0000000    0.0004458    0.0003330
   41.3000    0.0267768    0.0000000    0.0004461    0.0003490
   41.4000    0.0267464    0.0000000    0.0004395    0.0003635
   41.5000    0.0266777    0.0000000    0.0004326    0.0003743
   41.6000    0.0265882    0.0000000    0.0004145    0.0003730
   41.7000    0.0264724    0.0000000    0.0004065    0.0003850
   41.8000    0.0264344    0.0000000    0.0004049    0.0003940
   41.9000    0.0264118    0.0000000    0.0004050    0.0004070
   42.0000    0.0264177    0.0000000    0.0004147    0.0004197
   42.1000    0.0263238    0.0000000    0.0003998    0.0004240
   42.2000    0.0262595    0.0000000    0.0004035    0.0004314
   42.3000    0.0262907    0.0000000    0.0004047    0.0004513
   42.4000    0.0263613    0.0000000    0.0004015    0.0004308
   42.5000    0.0263461    0.0000000    0.0004113    0.0004481
   42.6000    0.0263860    0.0000000    0.0004073    0.0004500
   42.7000    0.0264416    0.0000000    0.0004060    0.0004599
   42.8000    0.0264341    0.0000000    0.0004048    0.0004593
   42.9000    0.0265684    0.0000000    0.0003947    0.0004709
   43.0000    0.0265679    0.0000000    0.0004131    0.0004852
   43.1000    0.0265268    0.0000000    0.0004178    0.0004881
   43.2000    0.0265013    0.0000000    0.0004199    0.0004936
   43.3000    0.0263876    0.0000000    0.0004300    0.0004729
   43.4000    0.0263301    0.0000000    0.0004407    0.0004487
   43.5000    0.0263348    0.0000000    0.0004611    0.0004346
   43.6000    0.0264247    0.0000000    0.0004418    0.0004197
   43.7000    0.0263410    0.0000000    0.0004654    0.0004117
   43.8000    0.0263649    0.0000000    0.0004410    0.0003987
   43.9000    0.0263051    0.0000000    0.0004538    0.0003903
   44.0000    0.0262210    0.0000000    0.0004326    0.0003941
   44.1000    0.0262510    0.0000000    0.0004240    0.0003910
   44.2000    0.0262196    0.0000000    0.0004102    0.0003964
   44.3000    0.0261962    0.0000000    0.0004012    0.0003856
   44.4000    0.0262034    0.0000000    0.0004007    0.0003972
   44.5000    0.0262850    0.0000000    0.0004045    0.0003862
   44.6000    0.0261954    0.0000000    0.0004042    0.0003811
   44.7000    0.0262257    0.0000000    0.0003922    0.0003883
   44.8000    0.0262362    0.0000000    0.0003864    0.0003738
   44.9000    0.0263797    0.0000000    0.0003910    0.0003859
   45.0000    0.0263817    0.0000000    0.0003876    0.0003763
   45.1000    0.0263618    0.0000000    0.0003901    0.0003689
   45.2000    0.0262245    0.0000000    0.0003826    0.0003967
   45.3000    0.0262703    0.0000000    0.0003803    0.0003845
   45.4000    0.0262290    0.0000000    0.0004089    0.0003917
   45.5000    0.0262042    0.0000000    0.0004121    0.0004017
   45.6000    0.0262368    0.0000000    0.0004388    0.0004001
   45.7000    0.0262474    0.0000000    0.0004481    0.0003927
   45.8000    0.0263732    0.0000000    0.0004542    0.0003802
   45.9000    0.0262701    0.0000000    0.0004441    0.0003731
   46.0000    0.0264031    0.0000000    0.0004396    0.0003593
   46.1000    0.0263305    0.0000000    0.0004256    0.0003449
   46.2000    0.0263989    0.0000000    0.0004325    0.0003402
   46.3000    0.0264591    0.0000000    0.0004479    0.0003290
   46.4000    0.0263908    0.0000000    0.0004475    0.0003379
   46.5000    0.0264570    0.0000000    0.0004374    0.0003310
   46.6000    0.0265036    0.0000000    0.0004521    0.0003323
   46.7000    0.0265097    0.0000000    0.0004478    0.0003493
   46.8000    0.0266114    0.0000000    0.0004404    0.0003593
   46.9000    0.0266424    0.0000000    0.0004420    0.0003475
   47.0000    0.0265390    0.0000000    0.0004584    0.0003521
   47.1000    0.0266867    0.0000000    0.0004386    0.0003305
   47.2000    0.0266914    0.0000000    0.0004423    0.0003382
   47.3000    0.0266964    0.0000000    0.0004307    0.0003195
   47.4000    0.0267439    0.0000000    0.0004375    0.0003435
   47.5000    0.0266639    0.0000000    0.0004333    0.0003372
   47.6000    0.0265694    0.0000000    0.0004239    0.0003456
   47.7000    0.0265698    0.0000000    0.0004271    0.0003692
   47.8000    0.0265544    0.0000000    0.0004474    0.0003636
   47.9000    0.0264971    0.0000000    0.0004300    0.0003837
   48.0000    0.0264259    0.0000000    0.0004458    0.0003919
   48.1000    0.0264913    0.0000000    0.0004504    0.0004113
   48.2000    0.0264788    0.0000000    0.0004529    0.0004256
   48.3000    0.0264165    0.0000000    0.0004616    0.0004231
   48.4000    0.0264338    0.0000000    0.0004681    0.0004088
   48.5000    0.0264998    0.0000000    0.0004524    0.0004025
   48.6000    0.0262839    0.0000000    0.0004702    0.0003905
   48.7000    0.0263899    0.0000000    0.0004603    0.0003667
   48.8000    0.0263958    0.0000000    0.0004562    0.0003428
   48.9000    0.0264106    0.0000000    0.0004558    0.0003449
   49.0000    0.0264104    0.0000000    0.0004279    0.0003426
   49.1000    0.0263017    0.0000000    0.0004324    0.0003469
   49.2000    0.0264115    0.0000000    0.0004289    0.0003538
   49.3000    0.0263123    0.0000000    0.0004414    0.0003511
   49.4000    0.0263983    0.0000000    0.0004333    0.0003494
   49.5000    0.0264178    0.0000000    0.0004298    0.0003463
   49.6000    0.0264445    0.0000000    0.0004204    0.0003398
   49.7000    0.0264272    0.0000000    0.0004255    0.0003502
   49.8000    0.0265258    0.0000000    0.0004260    0.0003479
   49.9000    0.0265598    0.0000000    0.0004334    0.0003485
   50.0000    0.0265822    0.0000000    0.0004329    0.0003469
   50.1000    0.0266588    0.0000000    0.0004191    0.0003621
   50.2000    0.0265749    0.0000000    0.0004417    0.0003759
   50.3000    0.0265306    0.0000000    0.0004273    0.0003822
   50.4000    0.0265289    0.0000000    0.0004325    0.0003817
   50.5000    0.0265152    0.0000000    0.0004253    0.0003778
   50.6000    0.0264814    0.0000000    0.0004340    0.0003834
   50.7000    0.0263801    0.0000000    0.0004270    0.0003984
   50.8000    0.0264171    0.0000000    0.0004019    0.0004059
   50.9000    0.0263936    0.0000000    0.0003920    0.0004216
   51.0000    0.0264387    0.0000000    0.0004038    0.0004345
   51.1000    0.0265230    0.0000000    0.0003968    0.0004258
   51.2000    0.0265250    0.0000000    0.0003927    0.0004227
   51.3000    0.0264749    0.0000000    0.0003899    0.0004194
   51.4000    0.0263977    0.0000000    0.0003943    0.0004256
   51.5000    0.0265159    0.0000000    0.0003913    0.0004351
   51.6000    0.0265336    0.0000000    0.0003847    0.0004324
   51.7000    0.0265802    0.0000000    0.0003724    0.0004296
   51.8000    0.0266351    0.0000000    0.0003775    0.0004301
   51.9000    0.0265000    0.0000000    0.0003810    0.0004256
   52.0000    0.0265765    0.0000000    0.0003831    0.0004170
   52.1000    0.0265888    0.0000000    0.0003818    0.0004046
   52.2000    0.0266260    0.0000000    0.0003846    0.0004026
   52.3000    0.0266416    0.0000000    0.0003934    0.0003855
   52.4000    0.0267249    0.0000000    0.0003971    0.0003765
   52.5000    0.0268370    0.0000000    0.0003952    0.0003705
   52.6000    0.0267754    0.0000000    0.0004164    0.0003673
   52.7000    0.0269708    0.0000000    0.0004122    0.0003607
   52.8000    0.0270155    0.0000000    0.0004379    0.0003462
   52.9000    0.0270590    0.0000000    0.0004307    0.0003365
   53.0000    0.0270254    0.0000000    0.0004249    0.0003368
   53.1000    0.0270808    0.0000000    0.0004372    0.0003154
   53.2000    0.0270760    0.0000000    0.0004261    0.0003352
   53.3000    0.0271287    0.0000000    0.0004308    0.0003225
   53.4000    0.0272409    0.0000000    0.0004292    0.0003193
   53.5000    0.0272906    0.0000000    0.0004350    0.0003246
   53.6000    0.0272862    0.0000000    0.0004244    0.0003234
   53.7000    0.0271698    0.0000000    0.0004227    0.0003063
   53.8000    0.0272468    0.0000000    0.0004297    0.0003098
   53.9000    0.0272213    0.0000000    0.0004216    0.0003052
   54.0000    0.0272412    0.0000000    0.0004136    0.0002941
   54.1000    0.0273211    0.0000000    0.0004085    0.0002963
   54.2000    0.0273772    0.0000000    0.0004072    0.0002795
   54.3000    0.0274176    0.0000000    0.0003985    0.0002883
   54.4000    0.0274411    0.0000000    0.0004099    0.0002799
   54.5000    0.0275127    0.0000000    0.0004004    0.0002851
   54.6000    0.0275163    0.0000000    0.0004148    0.0002659
   54.7000    0.0274927    0.0000000    0.0004066    0.0002639
   54.8000    0.0274926    0.0000000    0.0004192    0.0002458
   54.9000    0.0276398    0.0000000    0.0004056    0.0002426
   55.0000    0.0276882    0.0000000    0.0004001    0.0002263
   55.1000    0.0276940    0.0000000    0.0004058    0.0002153
   55.2000    0.0277549    0.0000000    0.0003939    0.0001956
   55.3000    0.0279640    0.0000000    0.0003998    0.0001788
   55.4000    0.0280300    0.0000000    0.0003908    0.0001869
   55.5000    0.0279460    0.0000000    0.0003928    0.0001699
   55.6000    0.0279833    0.0000000    0.0003977    0.0001776
   55.7000    0.0282761    0.0000000    0.0004035    0.0001815
   55.8000    0.0282073    0.0000000    0.0003927    0.0001837
   55.9000    0.0285387    0.0000000    0.0003869    0.0001813
   56.0000    0.0284936    0.0000000    0.0003822    0.0001872
   56.1000    0.0286018    0.0000000    0.0003808    0.0001762
   56.2000    0.0285606    0.0000000    0.0003715    0.0001758
   56.3000    0.0286319    0.0000000    0.0003729    0.0001708
   56.4000    0.0286106    0.0000000    0.0003616    0.0001680
   56.5000    0.0286112    0.0000000    0.0003542    0.0001617
   56.6000    0.0287141    0.0000000    0.0003655    0.0001641
   56.7000    0.0285960    0.0000000    0.0003402    0.0001584
   56.8000    0.0286713    0.0000000    0.0003490    0.0001567
   56.9000    0.0287358    0.0000000    0.0003391    0.0001594
   57.0000    0.0286678    0.0000000    0.0003369    0.0001547
   57.1000    0.0285518    0.0000000    0.0003316    0.0001668
   57.2000    0.0285964    0.0000000    0.0003235    0.0001465
   57.3000    0.0285892    0.0000000    0.0003255    0.0001484
   57.4000    0.0285173    0.0000000    0.0003387    0.0001561
   57.5000    0.0286191    0.0000000    0.0003338    0.0001525
   57.6000    0.0286883    0.0000000    0.0003397    0.0001486
   57.7000    0.0287684    0.0000000    0.0003282    0.0001364
   57.8000    0.0287599    0.0000000    0.0003323    0.0001340
   57.9000    0.0287637    0.0000000    0.0003144    0.0001133
   58.0000    0.0288268    0.0000000    0.0003163    0.0001166
   58.1000    0.0288135    0.0000000    0.0003147    0.0001316
   58.2000    0.0288758    0.0000000    0.0003199    0.0001284
   58.3000    0.0288924    0.0000000    0.0003188    0.0001331
   58.4000    0.0289623    0.0000000    0.0003160    0.0001269
   58.5000    0.0289361    0.0000000    0.0003278    0.0001323
   58.6000    0.0289868    0.0000000    0.0003226    0.0001394
   58.7000    0.0290149    0.0000000    0.0003276    0.0001408
   58.8000    0.0290244    0.0000000    0.0003486    0.0001399
   58.9000    0.0291018    0.0000000    0.0003347    0.0001429
   59.0000    0.0289849    0.0000000    0.0003405    0.0001447
   59.1000    0.0289387    0.0000000    0.0003367    0.0001405
   59.2000    0.0290501    0.0000000    0.0003355    0.0001385
   59.3000    0.0288639    0.0000000    0.0003302    0.0001307
   59.4000    0.0288508    0.0000000    0.0003355    0.0001280
   59.5000    0.0289765    0.0000000    0.0003274    0.0001237
   59.6000    0.0289271    0.0000000    0.0003318    0.0001269
   59.7000    0.0288915    0.0000000    0.0003534    0.0001286
   59.8000    0.0289054    0.0000000    0.0003432    0.0001270
   59.9000    0.0289189    0.0000000    0.0003668    0.0001287
   60.0000    0.0290948    0.0000000    0.0003578    0.0001319
   60.1000    0.0290030    0.0000000    0.0003794    0.0001320
   60.2000    0.0289997    0.0000000    0.0003774    0.0001437
   60.3000    0.0289833    0.0000000    0.0003763    0.0001544
   60.4000    0.0289452    0.0000000    0.0003706    0.0001652
   60.5000    0.0289870    0.0000000    0.0003716    0.0001669
   60.6000    0.0289325    0.0000000    0.0003764    0.0001634
   60.7000    0.0290299    0.0000000    0.0003694    0.0001681
   60.8000    0.0290517    0.0000000    0.0003636    0.0001637
   60.9000    0.0291067    0.0000000    0.0003569    0.0001652
   61.0000    0.0289555    0.0000000    0.0003561    0.0001660
   61.1000    0.0289936    0.0000000    0.0003487    0.0001620
   61.2000    0.0290597    0.0000000    0.0003475    0.0001484
   61.3000    0.0290331    0.0000000    0.0003504    0.0001370
   61.4000    0.0289217    0.0000000    0.0003403    0.0001308
   61.5000    0.0289154    0.0000000    0.0003560    0.0001236
   61.6000    0.0289192    0.0000000    0.0003464    0.0001240
   61.7000    0.0288157    0.0000000    0.0003568    0.0001143
   61.8000    0.0287135    0.0000000    0.0003526    0.0001089
   61.9000    0.0286442    0.0000000    0.0003452    0.0001074
   62.0000    0.0286115    0.0000000    0.0003511    0.0001036
   62.1000    0.0285030    0.0000000    0.0003455    0.0001022
   62.2000    0.0285763    0.0000000    0.0003304    0.0000902
   62.3000    0.0285946    0.0000000    0.0003199    0.0000987
   62.4000    0.0286062    0.0000000    0.0003397    0.0001023
   62.5000    0.0285877    0.0000000    0.0003429    0.0001058
   62.6000    0.0284511    0.0000000    0.0003362    0.0001078
   62.7000    0.0284074    0.0000000    0.0003395    0.0001241
   62.8000    0.0283700    0.0000000    0.0003371    0.0001363
   62.9000    0.0284162    0.0000000    0.0003352    0.0001440
   63.0000    0.0282682    0.0000000    0.0003427    0.0001537
   63.1000    0.0282686    0.0000000    0.0003507    0.0001621
   63.2000    0.0281510    0.0000000    0.0003666    0.0001642
   63.3000    0.0281317    0.0000000    0.0003754    0.0001714
   63.4000    0.0280961    0.0000000    0.0003865    0.0001871
   63.5000    0.0279706    0.0000000    0.0003905    0.0002022
   63.6000    0.0280001    0.0000000    0.0004064    0.0002004
   63.7000    0.0278807    0.0000000    0.0004160    0.0002059
   63.8000    0.0278911    0.0000000    0.0004234    0.0002215
   63.9000    0.0277008    0.0000000    0.0004405    0.0002295
   64.0000    0.0276414    0.0000000    0.0004376    0.0002501
   64.1000    0.0275450    0.0000000    0.0004699    0.0002646
   64.2000    0.0273536    0.0000000    0.0004969    0.0002757
   64.3000    0.0272105    0.0000000    0.0005048    0.0002732
   64.4000    0.0271079    0.0000000    0.0005175    0.0002922
   64.5000    0.0270013    0.0000000    0.0005496    0.0002991
   64.6000    0.0269135    0.0000003    0.0005789    0.0002970
   64.7000    0.0266595    0.0000019    0.0006060    0.0003059
   64.8000    0.0264561    0.0000024    0.0006145    0.0003065
   64.9000    0.0262623    0.0000030    0.0006385    0.0003223
   65.0000    0.0260232    0.0000037    0.0006299    0.0003291
   65.1000    0.0258948    0.0000073    0.0006577    0.0003319
   65.2000    0.0257377    0.0000123    0.0006570    0.0003384
   65.3000    0.0254929    0.0000094    0.0006482    0.0003305
   65.4000    0.0251268    0.0000094    0.0006991    0.0003256
   65.5000    0.0249576    0.0000126    0.0006939    0.0003577
   65.6000    0.0246792    0.0000168    0.0007195    0.0003773
   65.7000    0.0243763    0.0000187    0.0007444    0.0003877
   65.8000    0.0239646    0.0000199    0.0007400    0.0003917
   65.9000    0.0236536    0.0000225    0.0007573    0.0004013
   66.0000    0.0233940    0.0000259    0.0008052    0.0004160
   66.1000    0.0230771    0.0000270    0.0008319    0.0004254
   66.2000    0.0227575    0.0000354    0.0008536    0.0004470
   66.3000    0.0225417    0.0000383    0.0008894    0.0004614
   66.4000    0.0222740    0.0000410    0.0008922    0.0004655
   66.5000    0.0220032    0.0000380    0.0009233    0.0004945
   66.6000    0.0217293    0.0000461    0.0009471    0.0005210
   66.7000    0.0213955    0.0000419    0.0009662    0.0005407
   66.8000    0.0211190    0.0000390    0.0009936    0.0005501
   66.9000    0.0207811    0.0000423    0.0010239    0.0006010
   67.0000    0.0204114    0.0000431    0.0010427    0.0006395
   67.1000    0.0201893    0.0000468    0.0010450    0.0006742
   67.2000    0.0199418    0.0000481    0.0010606    0.0007022
   67.3000    0.0196568    0.0000519    0.0010863    0.0007318
   67.4000    0.0194436    0.0000573    0.0011010    0.0007602
   67.5000    0.0191285    0.0000585    0.0011044    0.0007960
   67.6000    0.0188564    0.0000572    0.0011309    0.0008531
   67.7000    0.0185879    0.0000578    0.0011244    0.0008964
   67.8000    0.0184189    0.0000580    0.0011202    0.0009760
   67.9000    0.0180544    0.0000694    0.0011166    0.0010353
   68.0000    0.0178254    0.0000750    0.0011122    0.0010904
   68.1000    0.0176008    0.0001001    0.0010756    0.0011405
   68.2000    0.0172088    0.0001121    0.0010836    0.0012044
   68.3000    0.0168062    0.0001239    0.0010480    0.0012744
   68.4000    0.0164920    0.0001476    0.0010581    0.0013664
   68.5000    0.0161119    0.0001621    0.0010600    0.0014371
   68.6000    0.0157389    0.0001812    0.0011026    0.0014713
   68.7000    0.0153785    0.0001979    0.0011066    0.0015125
   68.8000    0.0150445    0.0002213    0.0011247    0.0015447
   68.9000    0.0146276    0.0002592    0.0011450    0.0015218
   69.0000    0.0142540    0.0002737    0.0011368    0.0015175
   69.1000    0.0139941    0.0003090    0.0011576    0.0015157
   69.2000    0.0135323    0.0003318    0.0011526    0.0015466
   69.3000    0.0132014    0.0003592    0.0011429    0.0015610
   69.4000    0.0128519    0.0004059    0.0011461    0.0015795
   69.5000    0.0125743    0.0004478    0.0011513    0.0015723
   69.6000    0.0122210    0.0004731    0.0011538    0.0015902
   69.7000    0.0119559    0.0004942    0.0011412    0.0016225
   69.8000    0.0116319    0.0005487    0.0011527    0.0016230
   69.9000    0.0113232    0.0006101    0.0011257    0.0016079
   70.0000    0.0109823    0.0006729    0.0010814    0.0015934
   70.1000    0.0106542    0.0007242    0.0010552    0.0015436
   70.2000    0.0103663    0.0007538    0.0010263    0.0015159
   70.3000    0.0100745    0.0007662    0.0009810    0.0014912
   70.4000    0.0098038    0.0008166    0.0009521    0.0014683
   70.5000    0.0094916    0.0008628    0.0008994    0.0014387
   70.6000    0.0091471    0.0009258    0.0008908    0.0014428
   70.7000    0.0088067    0.0009778    0.0008420    0.0014232
   70.8000    0.0085057    0.0010380    0.0008069    0.0013962
   70.9000    0.0082226    0.0011432    0.0007537    0.0013976
   71.0000    0.0079981    0.0012113    0.0007188    0.0014026
   71.1000    0.0077406    0.0012536    0.0007000    0.0014231
   71.2000    0.0074268    0.0013493    0.0006612    0.0014310
   71.3000    0.0071716    0.0014601    0.0006631    0.0014467
   71.4000    0.0069128    0.0015281    0.0006656    0.0014650
   71.5000    0.0067328    0.0016430    0.0006648    0.0014951
   71.6000    0.0065107    0.0017233    0.0006664    0.0015176
   71.7000    0.0062148    0.0018427    0.0006479    0.0014619
   71.8000    0.0060086    0.0019783    0.0006468    0.0014304
   71.9000    0.0057865    0.0020962    0.0006315    0.0014180
   72.0000    0.0055579    0.0022119    0.0006154    0.0013871
   72.1000    0.0053465    0.0022899    0.0005942    0.0013698
   72.2000    0.0051932    0.0024559    0.0005572    0.0013690
   72.3000    0.0049610    0.0025988    0.0005275    0.0013163
   72.4000    0.0047847    0.0027486    0.0004933    0.0012958
   72.5000    0.0045408    0.0029179    0.0004463    0.0013032
   72.6000    0.0043322    0.0030437    0.0004094    0.0012678
   72.7000    0.0041441    0.0031773    0.0003870    0.0011760
   72.8000    0.0039490    0.0033296    0.0003802    0.0011327
   72.9000    0.0037483    0.0034569    0.0003501    0.0010781
   73.0000    0.0035305    0.0036207    0.0003382    0.0009942
   73.1000    0.0033655    0.0036854    0.0003366    0.0009333
   73.2000    0.0031202    0.0038061    0.0003126    0.0008912
   73.3000    0.0029772    0.0038432    0.0002979    0.0008107
   73.4000    0.0028150    0.0039186    0.0002948    0.0007540
   73.5000    0.0026131    0.0040155    0.0002751    0.0006806
   73.6000    0.0024519    0.0041129    0.0002509    0.0006092
   73.7000    0.0022979    0.0042289    0.0002408    0.0005543
   73.8000    0.0021497    0.0043344    0.0002225    0.0005113
   73.9000    0.0020207    0.0044549    0.0002045    0.0004713
   74.0000    0.0018805    0.0045905    0.0001868    0.0004192
   74.1000    0.0017561    0.0046897    0.0001672    0.0003896
   74.2000    0.0016536    0.0048487    0.0001531    0.0003678
   74.3000    0.0015102    0.0050107    0.0001393    0.0003415
   74.4000    0.0014085    0.0050614    0.0001264    0.0003242
   74.5000    0.0013133    0.0050991    0.0001132    0.0003066
   74.6000    0.0012333    0.0051034    0.0000995    0.0002914
   74.7000    0.0011519    0.0051632    0.0000931    0.0002670
   74.8000    0.0010642    0.0051622    0.0000874    0.0002644
   74.9000    0.0009851    0.0052261    0.0000732    0.0002492
   75.0000    0.0008805    0.0053017    0.0000694    0.0002408
   75.1000    0.0008164    0.0053337    0.0000623    0.0002194
   75.2000    0.0007254    0.0054235    0.0000530    0.0001927
   75.3000    0.0006753    0.0054386    0.0000437    0.0001593
   75.4000    0.0005961    0.0054552    0.0000422    0.0001349
   75.5000    0.0005331    0.0054772    0.0000356    0.0001190
   75.6000    0.0004803    0.0055409    0.0000322    0.0000951
   75.7000    0.0004340    0.0056022    0.0000292    0.0000824
   75.8000    0.0003941    0.0057406    0.0000249    0.0000702
   75.9000    0.0003597    0.0058528    0.0000205    0.0000631
   76.0000    0.0003273    0.0058415    0.0000193    0.0000539
   76.1000    0.0002753    0.0060013    0.0000146    0.0000487
   76.2000    0.0002397    0.0060762    0.0000139    0.0000413
   76.3000    0.0002130    0.0060653    0.0000106    0.0000371
   76.4000    0.0001884    0.0061009    0.0000052    0.0000279
   76.5000    0.0001543    0.0060973    0.0000026    0.0000203
   76.6000    0.0001467    0.0061174    0.0000015    0.0000132
   76.7000    0.0001223    0.0061473    0.0000016    0.0000115
   76.8000    0.0001082    0.0061205    0.0000008    0.0000062
   76.9000    0.0000918    0.0060780    0.0000010    0.0000051
   77.0000    0.0000775    0.0060481    0.0000000    0.0000034
   77.1000    0.0000684    0.0060952    0.0000000    0.0000033
   77.2000    0.0000583    0.0060885    0.0000000    0.0000018
   77.3000    0.0000473    0.0060729    0.0000000    0.0000010
   77.4000    0.0000377    0.0060579    0.0000000    0.0000006
   77.5000    0.0000350    0.0060291    0.0000000    0.0000002
   77.6000    0.0000288    0.0060359    0.0000000    0.0000000
   77.7000    0.0000244    0.0060261    0.0000000    0.0000001
   77.8000    0.0000180    0.0059900    0.0000000    0.0000000
   77.9000    0.0000119    0.0060636    0.0000000    0.0000000
   78.0000    0.0000078    0.0060854    0.0000000    0.0000000
   78.1000    0.0000061    0.0060811    0.0000000    0.0000000
   78.2000    0.0000035    0.0061748    0.0000000    0.0000000
   78.3000    0.0000024    0.0061995    0.0000000    0.0000000
   78.4000    0.0000013    0.0061905    0.0000000    0.0000000
   78.5000    0.0000012    0.0061874    0.0000000    0.0000000
   78.6000    0.0000005    0.0062812    0.0000000    0.0000000
   78.7000    0.0000006    0.0062333    0.0000000    0.0000000
   78.8000    0.0000002    0.0062688    0.0000000    0.0000000
   78.9000    0.0000002    0.0063087    0.0000000    0.0000000
   79.0000    0.0000002    0.0062572    0.0000000    0.0000000
   79.1000    0.0000001    0.0061912    0.0000000    0.0000000
   79.2000    0.0000001    0.0061932    0.0000000    0.0000000
   79.3000    0.0000001    0.0061736    0.0000000    0.0000000
   79.4000    0.0000001    0.0060740    0.0000000    0.0000000
   79.5000    0.0000000    0.0060078    0.0000000    0.0000000
   79.6000    0.0000000    0.0060093    0.0000000    0.0000000
   79.7000    0.0000000    0.0059779    0.0000000    0.0000000
   79.8000    0.0000000    0.0060134    0.0000000    0.0000000
   79.9000    0.0000000    0.0060836    0.0000000    0.0000000
   80.0000    0.0000000    0.0060065    0.0000000    0.0000000
   80.1000    0.0000000    0.0060557    0.0000000    0.0000000
   80.2000    0.0000000    0.0060629    0.0000000    0.0000000
   80.3000    0.0000000    0.0060790    0.0000000    0.0000000
   80.4000    0.0000000    0.0060934    0.0000000    0.0000000
   80.5000    0.0000000    0.0060700    0.0000000    0.0000000
   80.6000    0.0000000    0.0060732    0.0000000    0.0000000
   80.7000    0.0000000    0.0060490    0.0000000    0.0000000
   80.8000    0.0000000    0.0060193    0.0000000    0.0000000
   80.9000    0.0000000    0.0059604    0.0000000    0.0000000
   81.0000    0.0000000    0.0059842    0.0000000    0.0000000
   81.1000    0.0000000    0.0060192    0.0000000    0.0000000
   81.2000    0.0000000    0.0060867    0.0000000    0.0000000
   81.3000    0.0000000    0.0060624    0.0000000    0.0000000
   81.4000    0.0000000    0.0060903    0.0000000    0.0000000
   81.5000    0.0000000    0.0061489    0.0000000    0.0000000
   81.6000    0.0000000    0.0061362    0.0000000    0.0000000
   81.7000    0.0000000    0.0061318    0.0000000    0.0000000
   81.8000    0.0000000    0.0061778    0.0000000    0.0000000
   81.9000    0.0000000    0.0060850    0.0000000    0.0000000
   82.0000    0.0000000    0.0061070    0.0000000    0.0000000
   82.1000    0.0000000    0.0061424    0.0000000    0.0000000
   82.2000    0.0000000    0.0061791    0.0000000    0.0000000
   82.3000    0.0000000    0.0061547    0.0000000    0.0000000
   82.4000    0.0000000    0.0060737    0.0000000    0.0000000
   82.5000    0.0000000    0.0060548    0.0000000    0.0000000
   82.6000    0.0000000    0.0060243    0.0000000    0.0000000
   82.7000    0.0000000    0.0060107    0.0000000    0.0000000
   82.8000    0.0000000    0.0060375    0.0000000    0.0000000
   82.9000    0.0000000    0.0061560    0.0000000    0.0000000
   83.0000    0.0000000    0.0062574    0.0000000    0.0000000
   83.1000    0.0000000    0.0062498    0.0000000    0.0000000
   83.2000    0.0000000    0.0062470    0.0000000    0.0000000
   83.3000    0.0000000    0.0062887    0.0000000    0.0000000
   83.4000    0.0000000    0.0062625    0.0000000    0.0000000
   83.5000    0.0000000    0.0061989    0.0000000    0.0000000
   83.6000    0.0000000    0.0062458    0.0000000    0.0000000
   83.7000    0.0000000    0.0061712    0.0000000    0.0000000
   83.8000    0.0000000    0.0061333    0.0000000    0.0000000
   83.9000    0.0000000    0.0060090    0.0000000    0.0000000
   84.0000    0.0000000    0.0060706    0.0000000    0.0000000
   84.1000    0.0000000    0.0061113    0.0000000    0.0000000
   84.2000    0.0000000    0.0061135    0.0000000    0.0000000
   84.3000    0.0000000    0.0060823    0.0000000    0.0000000
   84.4000    0.0000000    0.0060138    0.0000000    0.0000000
   84.5000    0.0000000    0.0060301    0.0000000    0.0000000
   84.6000    0.0000000    0.0059732    0.0000000    0.0000000
   84.7000    0.0000000    0.0059833    0.0000000    0.0000000
   84.8000    0.0000000    0.0059249    0.0000000    0.0000000
   84.9000    0.0000000    0.0059739    0.0000000    0.0000000
   85.0000    0.0000000    0.0060234    0.0000000    0.0000000
   85.1000    0.0000000    0.0061290    0.0000000    0.0000000
   85.2000    0.0000000    0.0060205    0.0000000    0.0000000
   85.3000    0.0000000    0.0060923    0.0000000    0.0000000
   85.4000    0.0000000    0.0061321    0.0000000    0.0000000
   85.5000    0.0000000    0.0061636    0.0000000    0.0000000
   85.6000    0.0000000    0.0062069    0.0000000    0.0000000
   85.7000    0.0000000    0.0061411    0.0000000    0.0000000
   85.8000    0.0000000    0.0061522    0.0000000    0.0000000
   85.9000    0.0000000    0.0061342    0.0000000    0.0000000
   86.0000    0.0000000    0.0061138    0.0000000    0.0000000
   86.1000    0.0000000    0.0060523    0.0000000    0.0000000
   86.2000    0.0000000    0.0060378    0.0000000    0.0000000
   86.3000    0.0000000    0.0060122    0.0000000    0.0000000
   86.4000    0.0000000    0.0060431    0.0000000    0.0000000
   86.5000    0.0000000    0.0061372    0.0000000    0.0000000
   86.6000    0.0000000    0.0061299    0.0000000    0.0000000
   86.7000    0.0000000    0.0061224    0.0000000    0.0000000
   86.8000    0.0000000    0.0061018    0.0000000    0.0000000
   86.9000    0.0000000    0.0061741    0.0000000    0.0000000
   87.0000    0.0000000    0.0061804    0.0000000    0.0000000
   87.1000    0.0000000    0.0062172    0.0000000    0.0000000
   87.2000    0.0000000    0.0062303    0.0000000    0.0000000
   87.3000    0.0000000    0.0062391    0.0000000    0.0000000
   87.4000    0.0000000    0.0062794    0.0000000    0.0000000
   87.5000    0.0000000    0.0062615    0.0000000    0.0000000
   87.6000    0.0000000    0.0063216    0.0000000    0.0000000
   87.7000    0.0000000    0.0063473    0.0000000    0.0000000
   87.8000    0.0000000    0.0063013    0.0000000    0.0000000
   87.9000    0.0000000    0.0062054    0.0000000    0.0000000
   88.0000    0.0000000    0.0062099    0.0000000    0.0000000
   88.1000    0.0000000    0.0061687    0.0000000    0.0000000
   88.2000    0.0000000    0.0062086    0.0000000    0.0000000
   88.3000    0.0000000    0.0061267    0.0000000    0.0000000
   88.4000    0.0000000    0.0061394    0.0000000    0.0000000
   88.5000    0.0000000    0.0060330    0.0000000    0.0000000
   88.6000    0.0000000    0.0059530    0.0000000    0.0000000
   88.7000    0.0000000    0.0059450    0.0000000    0.0000000
   88.8000    0.0000000    0.0059255    0.0000000    0.0000000
   88.9000    0.0000000    0.0059390    0.0000000    0.0000000
   89.0000    0.0000000    0.0059457    0.0000000    0.0000000
   89.1000    0.0000000    0.0059724    0.0000000    0.0000000
   89.2000    0.0000000    0.0060450    0.0000000    0.0000000
   89.3000    0.0000000    0.0060066    0.0000000    0.0000000
   89.4000    0.0000000    0.0059692    0.0000000    0.0000000
   89.5000    0.0000000    0.0059707    0.0000000    0.0000000
   89.6000    0.0000000    0.0059243    0.0000000    0.0000000
   89.7000    0.0000000    0.0059540    0.0000000    0.0000000
   89.8000    0.0000000    0.0059067    0.0000000    0.0000000
   89.9000    0.0000000    0.0059341    0.0000000    0.0000000
   90.0000    0.0000000    0.0059418    0.0000000    0.0000000
   90.1000    0.0000000    0.0060074    0.0000000    0.0000000
   90.2000    0.0000000    0.0059847    0.0000000    0.0000000
   90.3000    0.0000000    0.0059797    0.0000000    0.0000000
   90.4000    0.0000000    0.0060134    0.0000000    0.0000000
   90.5000    0.0000001    0.0059721    0.0000000    0.0000000
   90.6000    0.0000001    0.0059773    0.0000000    0.0000000
   90.7000    0.0000000    0.0060289    0.0000000    0.0000000
   90.8000    0.0000001    0.0060660    0.0000000    0.0000000
   90.9000    0.0000000    0.0061463    0.0000000    0.0000000
   91.0000    0.0000001    0.0061835    0.0000000    0.0000000
   91.1000    0.0000001    0.0062930    0.0000000    0.0000000
   91.2000    0.0000003    0.0063312    0.0000000    0.0000000
   91.3000    0.0000005    0.0063218    0.0000000    0.0000000
   91.4000    0.0000015    0.0063669    0.0000000    0.0000000
   91.5000    0.0000017    0.0064116    0.0000000    0.0000000
   91.6000    0.0000021    0.0064201    0.0000000    0.0000000
   91.7000    0.0000021    0.0064527    0.0000000    0.0000000
   91.8000    0.0000032    0.0064501    0.0000003    0.0000000
   91.9000    0.0000031    0.0064065    0.0000007    0.0000000
   92.0000    0.0000042    0.0063791    0.0000009    0.0000000
   92.1000    0.0000054    0.0063000    0.0000013    0.0000000
   92.2000    0.0000082    0.0062086    0.0000022    0.0000000
   92.3000    0.0000084    0.0061653    0.0000020    0.0000000
   92.4000    0.0000093    0.0061115    0.0000024    0.0000000
   92.5000    0.0000127    0.0060370    0.0000026    0.0000000
   92.6000    0.0000193    0.0059596    0.0000032    0.0000000
   92.7000    0.0000207    0.0059221    0.0000033    0.0000000
   92.8000    0.0000251    0.0059137    0.0000036    0.0000000
   92.9000    0.0000244    0.0059069    0.0000035    0.0000000
   93.0000    0.0000269    0.0060019    0.0000038    0.0000000
   93.1000    0.0000292    0.0060708    0.0000036    0.0000000
   93.2000    0.0000358    0.0061014    0.0000032    0.0000002
   93.3000    0.0000372    0.0060851    0.0000038    0.0000011
   93.4000    0.0000443    0.0060193    0.0000037    0.0000007
   93.5000    0.0000495    0.0059822    0.0000028    0.0000022
   93.6000    0.0000592    0.0060007    0.0000048    0.0000025
   93.7000    0.0000718    0.0058858    0.0000039    0.0000050
   93.8000    0.0000856    0.0057462    0.0000039    0.0000066
   93.9000    0.0000993    0.0057361    0.0000049    0.0000147
   94.0000    0.0001187    0.0057754    0.0000058    0.0000206
   94.1000    0.0001437    0.0057392    0.0000075    0.0000276
   94.2000    0.0001605    0.0057361    0.0000073    0.0000327
   94.3000    0.0001875    0.0057621    0.0000098    0.0000317
   94.4000    0.0002147    0.0057248    0.0000118    0.0000389
   94.5000    0.0002461    0.0057396    0.0000155    0.0000425
   94.6000    0.0002795    0.0058713    0.0000159    0.0000524
   94.7000    0.0003187    0.0058266    0.0000198    0.0000582
   94.8000    0.0003522    0.0058487    0.0000232    0.0000733
   94.9000    0.0004019    0.0058027    0.0000242    0.0000890
   95.0000    0.0000000    0.0000000    0.0000000    0.0000000
   95.1000    0.0000000    0.0000000    0.0000000    0.0000000
   95.2000    0.0000000    0.0000000    0.0000000    0.0000000
   95.3000    0.0000000    0.0000000    0.0000000    0.0000000
   95.4000    0.0000000    0.0000000    0.0000000    0.0000000
   95.5000    0.0000000    0.0000000    0.0000000    0.0000000
   95.6000    0.0000000    0.0000000    0.0000000    0.0000000
   95.7000    0.0000000    0.0000000    0.0000000    0.0000000
   95.8000    0.0000000    0.0000000    0.0000000    0.0000000
   95.9000    0.0000000    0.0000000    0.0000000    0.0000000
   96.0000    0.0000000    0.0000000    0.0000000    0.0000000
   96.1000    0.0000000    0.0000000    0.0000000    0.0000000
   96.2000    0.0000000    0.0000000    0.0000000    0.0000000
   96.3000    0.0000000    0.0000000    0.0000000    0.0000000
   96.4000    0.0000000    0.0000000    0.0000000    0.0000000
   96.5000    0.0000000    0.0000000    0.0000000    0.0000000
   96.6000    0.0000000    0.0000000    0.0000000    0.0000000
   96.7000    0.0000000    0.0000000    0.0000000    0.0000000
   96.8000    0.0000000    0.0000000    0.0000000    0.0000000
   96.9000    0.0000000    0.0000000    0.0000000    0.0000000
   97.0000    0.0000000    0.0000000    0.0000000    0.0000000
   97.1000    0.0000000    0.0000000    0.0000000    0.0000000
   97.2000    0.0000000    0.0000000    0.0000000    0.0000000
   97.3000    0.0000000    0.0000000    0.0000000    0.0000000
   97.4000    0.0000000    0.0000000    0.0000000    0.0000000
   97.5000    0.0000000    0.0000000    0.0000000    0.0000000
   97.6000    0.0000000    0.0000000    0.0000000    0.0000000
   97.7000    0.0000000    0.0000000    0.0000000    0.0000000
   97.8000    0.0000000    0.0000000    0.0000000    0.0000000
   97.9000    0.0000000    0.0000000    0.0000000    0.0000000
   98.0000    0.0000000    0.0000000    0.0000000    0.0000000
   98.1000    0.0000000    0.0000000    0.0000000    0.0000000
   98.2000    0.0000000    0.0000000    0.0000000    0.0000000
   98.3000    0.0000000    0.0000000    0.0000000    0.0000000
   98.4000    0.0000000    0.0000000    0.0000000    0.0000000
   98.5000    0.0000000    0.0000000    0.0000000    0.0000000
   98.6000    0.0000000    0.0000000    0.0000000    0.0000000
   98.7000    0.0000000    0.0000000    0.0000000    0.0000000
   98.8000    0.0000000    0.0000000    0.0000000    0.0000000
   98.9000    0.0000000    0.0000000    0.0000000    0.0000000
   99.0000    0.0000000    0.0000000    0.0000000    0.0000000
   99.1000    0.0000000    0.0000000    0.0000000    0.0000000
   99.2000    0.0000000    0.0000000    0.0000000    0.0000000
   99.3000    0.0000000    0.0000000    0.0000000    0.0000000
   99.4000    0.0000000    0.0000000    0.0000000    0.0000000
   99.5000    0.0000000    0.0000000    0.0000000    0.0000000
   99.6000    0.0000000    0.0000000    0.0000000    0.0000000
   99.7000    0.0000000    0.0000000    0.0000000    0.0000000
   99.8000    0.0000000    0.0000000    0.0000000    0.0000000
   99.9000    0.0000000    0.0000000    0.0000000    0.0000000
  100.0000    0.0000000    0.0000000    0.0000000    0.0000000
  100.1000    0.0000000    0.0000000    0.0000000    0.0000000
  100.2000    0.0000000    0.0000000    0.0000000    0.0000000
  100.3000    0.0000000    0.0000000    0.0000000    0.0000000
  100.4000    0.0000000    0.0000000    0.0000000    0.0000000
  100.5000    0.0000000    0.0000000    0.0000000    0.0000000
  100.6000    0.0000000    0.0000000    0.0000000    0.0000000
  100.7000    0.0000000    0.0000000    0.0000000    0.0000000
  100.8000    0.0000000    0.0000000    0.0000000    0.0000000
  100.9000    0.0000000    0.0000000    0.0000000    0.0000000
  101.0000    0.0000000    0.0000000    0.0000000    0.0000000
  101.1000    0.0000000    0.0000000    0.0000000    0.0000000
  101.2000    0.0000000    0.0000000    0.0000000    0.0000000
  101.3000    0.0000000    0.0000000    0.0000000    0.0000000
  101.4000    0.0000000    0.0000000    0.0000000    0.0000000
  101.5000    0.0000000    0.0000000    0.0000000    0.0000000
  101.6000    0.0000000    0.0000000    0.0000000    0.0000000
  101.7000    0.0000000    0.0000000    0.0000000    0.0000000
  101.8000    0.0000000    0.0000000    0.0000000    0.0000000
  101.9000    0.0000000    0.0000000    0.0000000    0.0000000
  102.0000    0.0000000    0.0000000    0.0000000    0.0000000
  102.1000    0.0000000    0.0000000    0.0000000    0.0000000
  102.2000    0.0000000    0.0000000    0.0000000    0.0000000
  102.3000    0.0000000    0.0000000    0.0000000    0.0000000
  102.4000    0.0000000    0.0000000    0.0000000    0.0000000
  102.5000    0.0000000    0.0000000    0.0000000    0.0000000
  102.6000    0.0000000    0.0000000    0.0000000    0.0000000
  102.7000    0.0000000    0.0000000    0.0000000    0.0000000
  102.8000    0.0000000    0.0000000    0.0000000    0.0000000
  102.9000    0.0000000    0.0000000    0.0000000    0.0000000
  103.0000    0.0000000    0.0000000    0.0000000    0.0000000
  103.1000    0.0000000    0.0000000    0.0000000    0.0000000
  103.2000    0.0000000    0.0000000    0.0000000    0.0000000
  103.3000    0.0000000    0.0000000    0.0000000    0.0000000
  103.4000    0.0000000    0.0000000    0.0000000    0.0000000
  103.5000    0.0000000    0.0000000    0.0000000    0.0000000
  103.6000    0.0000000    0.0000000    0.0000000    0.0000000
  103.7000    0.0000000    0.0000000    0.0000000    0.0000000
  103.8000    0.0000000    0.0000000    0.0000000    0.0000000
  103.9000    0.0000000    0.0000000    0.0000000    0.0000000
  104.0000    0.0000000    0.0000000    0.0000000    0.0000000
  104.1000    0.0000000    0.0000000    0.0000000    0.0000000
  104.2000    0.0000000    0.0000000    0.0000000    0.0000000
  104.3000    0.0000000    0.0000000    0.0000000    0.0000000
  104.4000    0.0000000    0.0000000    0.0000000    0.0000000
  104.5000    0.0000000    0.0000000    0.0000000    0.0000000
  104.6000    0.0000000    0.0000000    0.0000000    0.0000000
  104.7000    0.0000000    0.0000000    0.0000000    0.0000000
  104.8000    0.0000000    0.0000000    0.0000000    0.0000000
  104.9000    0.0000000    0.0000000    0.0000000    0.0000000
  105.0000    0.0000000    0.0000000    0.0000000    0.0000000
  105.1000    0.0000000    0.0000000    0.0000000    0.0000000
  105.2000    0.0000000    0.0000000    0.0000000    0.0000000
  105.3000    0.0000000    0.0000000    0.0000000    0.0000000
  105.4000    0.0000000    0.0000000    0.0000000    0.0000000
  105.5000    0.0000000    0.0000000    0.0000000    0.0000000
  105.6000    0.0000000    0.0000000    0.0000000    0.0000000
  105.7000    0.0000000    0.0000000    0.0000000    0.0000000
  105.8000    0.0000000    0.0000000    0.0000000    0.0000000
  105.9000    0.0000000    0.0000000    0.0000000    0.0000000
  106.0000    0.0000000    0.0000000    0.0000000    0.0000000
  106.1000    0.0000000    0.0000000    0.0000000    0.0000000
  106.2000    0.0000000    0.0000000    0.0000000    0.0000000
  106.3000    0.0000000    0.0000000    0.0000000    0.0000000
  106.4000    0.0000000    0.0000000    0.0000000    0.0000000
  106.5000    0.0000000    0.0000000    0.0000000    0.0000000
  106.6000    0.0000000    0.0000000    0.0000000    0.0000000
  106.7000    0.0000000    0.0000000    0.0000000    0.0000000
  106.8000    0.0000000    0.0000000    0.0000000    0.0000000
  106.9000    0.0000000    0.0000000    0.0000000    0.0000000
  107.0000    0.0000000    0.0000000    0.0000000    0.0000000
  107.1000    0.0000000    0.0000000    0.0000000    0.0000000
  107.2000    0.0000000    0.0000000    0.0000000    0.0000000
  107.3000    0.0000000    0.0000000    0.0000000    0.0000000
  107.4000    0.0000000    0.0000000    0.0000000    0.0000000
  107.5000    0.0000000    0.0000000    0.0000000    0.0000000
  107.6000    0.0000000    0.0000000    0.0000000    0.0000000
  107.7000    0.0000000    0.0000000    0.0000000    0.0000000
  107.8000    0.0000000    0.0000000    0.0000000    0.0000000
  107.9000    0.0000000    0.0000000    0.0000000    0.0000000
  108.0000    0.0000000    0.0000000    0.0000000    0.0000000
  108.1000    0.0000000    0.0000000    0.0000000    0.0000000
  108.2000    0.0000000    0.0000000    0.0000000    0.0000000
  108.3000    0.0000000    0.0000000    0.0000000    0.0000000
  108.4000    0.0000000    0.0000000    0.0000000    0.0000000
  108.5000    0.0000000    0.0000000    0.0000000    0.0000000
  108.6000    0.0000000    0.0000000    0.0000000    0.0000000
  108.7000    0.0000000    0.0000000    0.0000000    0.0000000
  108.8000    0.0000000    0.0000000    0.0000000    0.0000000
  108.9000    0.0000000    0.0000000    0.0000000    0.0000000
  109.0000    0.0000000    0.0000000    0.0000000    0.0000000
  109.1000    0.0000000    0.0000000    0.0000000    0.0000000
  109.2000    0.0000000    0.0000000    0.0000000    0.0000000
  109.3000    0.0000000    0.0000000    0.0000000    0.0000000
  109.4000    0.0000000    0.0000000    0.0000000    0.0000000
  109.5000    0.0000000    0.0000000    0.0000000    0.0000000
  109.6000    0.0000000    0.0000000    0.0000000    0.0000000
  109.7000    0.0000000    0.0000000    0.0000000    0.0000000
  109.8000    0.0000000    0.0000000    0.0000000    0.0000000
  109.9000    0.0000000    0.0000000    0.0000000    0.0000000
  110.0000    0.0000000    0.0000000    0.0000000    0.0000000
  110.1000    0.0000000    0.0000000    0.0000000    0.0000000
  110.2000    0.0000000    0.0000000    0.0000000    0.0000000
  110.3000    0.0000000    0.0000000    0.0000000    0.0000000
  110.4000    0.0000000    0.0000000    0.0000000    0.0000000
  110.5000    0.0000000    0.0000000    0.0000000    0.0000000
  110.6000    0.0000000    0.0000000    0.0000000    0.0000000
  110.7000    0.0000000    0.0000000    0.0000000    0.0000000
  110.8000    0.0000000    0.0000000    0.0000000    0.0000000
  110.9000    0.0000000    0.0000000    0.0000000    0.0000000
  111.0000    0.0000000    0.0000000    0.0000000    0.0000000
  111.1000    0.0000000    0.0000000    0.0000000    0.0000000
  111.2000    0.0000000    0.0000000    0.0000000    0.0000000
  111.3000    0.0000000    0.0000000    0.0000000    0.0000000
  111.4000    0.0000000    0.0000000    0.0000000    0.0000000
  111.5000    0.0000000    0.0000000    0.0000000    0.0000000
  111.6000    0.0000000    0.0000000    0.0000000    0.0000000
  111.7000    0.0000000    0.0000000    0.0000000    0.0000000
  111.8000    0.0000000    0.0000000    0.0000000    0.0000000
  111.9000    0.0000000    0.0000000    0.0000000    0.0000000
  112.0000    0.0000000    0.0000000    0.0000000    0.0000000
  112.1000    0.0000000    0.0000000    0.0000000    0.0000000
  112.2000    0.0000000    0.0000000    0.0000000    0.0000000
  112.3000    0.0000000    0.0000000    0.0000000    0.0000000
  112.4000    0.0000000    0.0000000    0.0000000    0.0000000
  112.5000    0.0000000    0.0000000    0.0000000    0.0000000
  112.6000    0.0000000    0.0000000    0.0000000    0.0000000
  112.7000    0.0000000    0.0000000    0.0000000    0.0000000
  112.8000    0.0000000    0.0000000    0.0000000    0.0000000
  112.9000    0.0000000    0.0000000    0.0000000    0.0000000
  113.0000    0.0000000    0.0000000    0.0000000    0.0000000
  113.1000    0.0000000    0.0000000    0.0000000    0.0000000
  113.2000    0.0000000    0.0000000    0.0000000    0.0000000
  113.3000    0.0000000    0.0000000    0.0000000    0.0000000
  113.4000    0.0000000    0.0000000    0.0000000    0.0000000
  113.5000    0.0000000    0.0000000    0.0000000    0.0000000
  113.6000    0.0000000    0.0000000    0.0000000    0.0000000
  113.7000    0.0000000    0.0000000    0.0000000    0.0000000
  113.8000    0.0000000    0.0000000    0.0000000    0.0000000
  113.9000    0.0000000    0.0000000    0.0000000    0.0000000
  114.0000    0.0000000    0.0000000    0.0000000    0.0000000
  114.1000    0.0000000    0.0000000    0.0000000    0.0000000
  114.2000    0.0000000    0.0000000    0.0000000    0.0000000
  114.3000    0.0000000    0.0000000    0.0000000    0.0000000
  114.4000    0.0000000    0.0000000    0.0000000    0.0000000
  114.5000    0.0000000    0.0000000    0.0000000    0.0000000
  114.6000    0.0000000    0.0000000    0.0000000    0.0000000
  114.7000    0.0000000    0.0000000    0.0000000    0.0000000
  114.8000    0.0000000    0.0000000    0.0000000    0.0000000
  114.9000    0.0000000    0.0000000    0.0000000    0.0000000
  115.0000    0.0000000    0.0000000    0.0000000    0.0000000
  115.1000    0.0000000    0.0000000    0.0000000    0.0000000
  115.2000    0.0000000    0.0000000    0.0000000    0.0000000
  115.3000    0.0000000    0.0000000    0.0000000    0.0000000
  115.4000    0.0000000    0.0000000    0.0000000    0.0000000
  115.5000    0.0000000    0.0000000    0.0000000    0.0000000
  115.6000    0.0000000    0.0000000    0.0000000    0.0000000
  115.7000    0.0000000    0.0000000    0.0000000    0.0000000
  115.8000    0.0000000    0.0000000    0.0000000    0.0000000
  115.9000    0.0000000    0.0000000    0.0000000    0.0000000
  116.0000    0.0000000    0.0000000    0.0000000    0.0000000
  116.1000    0.0000000    0.0000000    0.0000000    0.0000000
  116.2000    0.0000000    0.0000000    0.0000000    0.0000000
  116.3000    0.0000000    0.0000000    0.0000000    0.0000000
  116.4000    0.0000000    0.0000000    0.0000000    0.0000000
  116.5000    0.0000000    0.0000000    0.0000000    0.0000000
  116.6000    0.0000000    0.0000000    0.0000000    0.0000000
  116.7000    0.0000000    0.0000000    0.0000000    0.0000000
  116.8000    0.0000000    0.0000000    0.0000000    0.0000000
  116.9000    0.0000000    0.0000000    0.0000000    0.0000000
  117.0000    0.0000000    0.0000000    0.0000000    0.0000000
  117.1000    0.0000000    0.0000000    0.0000000    0.0000000
  117.2000    0.0000000    0.0000000    0.0000000    0.0000000
  117.3000    0.0000000    0.0000000    0.0000000    0.0000000
  117.4000    0.0000000    0.0000000    0.0000000    0.0000000
  117.5000    0.0000000    0.0000000    0.0000000    0.0000000
  117.6000    0.0000000    0.0000000    0.0000000    0.0000000
  117.7000    0.0000000    0.0000000    0.0000000    0.0000000
  117.8000    0.0000000    0.0000000    0.0000000    0.0000000
  117.9000    0.0000000    0.0000000    0.0000000    0.0000000
  118.0000    0.0000000    0.0000000    0.0000000    0.0000000
  118.1000    0.0000000    0.0000000    0.0000000    0.0000000
  118.2000    0.0000000    0.0000000    0.0000000    0.0000000
  118.3000    0.0000000    0.0000000    0.0000000    0.0000000
  118.4000    0.0000000    0.0000000    0.0000000    0.0000000
  118.5000    0.0000000    0.0000000    0.0000000    0.0000000
  118.6000    0.0000000    0.0000000    0.0000000    0.0000000
  118.7000    0.0000000    0.0000000    0.0000000    0.0000000
  118.8000    0.0000000    0.0000000    0.0000000    0.0000000
  118.9000    0.0000000    0.0000000    0.0000000    0.0000000
  119.0000    0.0000000    0.0000000    0.0000000    0.0000000
  119.1000    0.0000000    0.0000000    0.0000000    0.0000000
  119.2000    0.0000000    0.0000000    0.0000000    0.0000000
  119.3000    0.0000000    0.0000000    0.0000000    0.0000000
  119.4000    0.0000000    0.0000000    0.0000000    0.0000000
  119.5000    0.0000000    0.0000000    0.0000000    0.0000000
  119.6000    0.0000000    0.0000000    0.0000000    0.0000000
  119.7000    0.0000000    0.0000000    0.0000000    0.0000000
  119.8000    0.0000000    0.0000000    0.0000000    0.0000000
  119.9000    0.0000000    0.0000000    0.0000000    0.0000000
  120.0000    0.0000000    0.0000000    0.0000000    0.0000000
  120.1000    0.0000000    0.0000000    0.0000000    0.0000000
  120.2000    0.0000000    0.0000000    0.0000000    0.0000000
  120.3000    0.0000000    0.0000000    0.0000000    0.0000000
  120.4000    0.0000000    0.0000000    0.0000000    0.0000000
  120.5000    0.0000000    0.0000000    0.0000000    0.0000000
  120.6000    0.0000000    0.0000000    0.0000000    0.0000000
  120.7000    0.0000000    0.0000000    0.0000000    0.0000000
  120.8000    0.0000000    0.0000000    0.0000000    0.0000000
  120.9000    0.0000000    0.0000000    0.0000000    0.0000000
  121.0000    0.0000000    0.0000000    0.0000000    0.0000000
  121.1000    0.0000000    0.0000000    0.0000000    0.0000000
  121.2000    0.0000000    0.0000000    0.0000000    0.0000000
  121.3000    0.0000000    0.0000000    0.0000000    0.0000000
  121.4000    0.0000000    0.0000000    0.0000000    0.0000000
  121.5000    0.0000000    0.0000000    0.0000000    0.0000000
  121.6000    0.0000000    0.0000000    0.0000000    0.0000000
  121.7000    0.0000000    0.0000000    0.0000000    0.0000000
  121.8000    0.0000000    0.0000000    0.0000000    0.0000000
  121.9000    0.0000000    0.0000000    0.0000000    0.0000000
  122.0000    0.0000000    0.0000000    0.0000000    0.0000000
  122.1000    0.0000000    0.0000000    0.0000000    0.0000000
  122.2000    0.0000000    0.0000000    0.0000000    0.0000000
  122.3000    0.0000000    0.0000000    0.0000000    0.0000000
  122.4000    0.0000000    0.0000000    0.0000000    0.0000000
  122.5000    0.0000000    0.0000000    0.0000000    0.0000000
  122.6000    0.0000000    0.0000000    0.0000000    0.0000000
  122.7000    0.0000000    0.0000000    0.0000000    0.0000000
  122.8000    0.0000000    0.0000000    0.0000000    0.0000000
  122.9000    0.0000000    0.0000000    0.0000000    0.0000000
  123.0000    0.0000000    0.0000000    0.0000000    0.0000000
  123.1000    0.0000000    0.0000000    0.0000000    0.0000000
  123.2000    0.0000000    0.0000000    0.0000000    0.0000000
  123.3000    0.0000000    0.0000000    0.0000000    0.0000000
  123.4000    0.0000000    0.0000000    0.0000000    0.0000000
  123.5000    0.0000000    0.0000000    0.0000000    0.0000000
  123.6000    0.0000000    0.0000000    0.0000000    0.0000000
  123.7000    0.0000000    0.0000000    0.0000000    0.0000000
  123.8000    0.0000000    0.0000000    0.0000000    0.0000000
  123.9000    0.0000000    0.0000000    0.0000000    0.0000000
  124.0000    0.0000000    0.0000000    0.0000000    0.0000000
  124.1000    0.0000000    0.0000000    0.0000000    0.0000000
  124.2000    0.0000000    0.0000000    0.0000000    0.0000000
  124.3000    0.0000000    0.0000000    0.0000000    0.0000000
  124.4000    0.0000000    0.0000000    0.0000000    0.0000000
  124.5000    0.0000000    0.0000000    0.0000000    0.0000000
  124.6000    0.0000000    0.0000000    0.0000000    0.0000000
  124.7000    0.0000000    0.0000000    0.0000000    0.0000000
  124.8000    0.0000000    0.0000000    0.0000000    0.0000000
  124.9000    0.0000000    0.0000000    0.0000000    0.0000000
  125.0000    0.0000000    0.0000000    0.0000000    0.0000000
  125.1000    0.0000000    0.0000000    0.0000000    0.0000000
  125.2000    0.0000000    0.0000000    0.0000000    0.0000000
  125.3000    0.0000000    0.0000000    0.0000000    0.0000000
  125.4000    0.0000000    0.0000000    0.0000000    0.0000000
  125.5000    0.0000000    0.0000000    0.0000000    0.0000000
  125.6000    0.0000000    0.0000000    0.0000000    0.0000000
  125.7000    0.0000000    0.0000000    0.0000000    0.0000000
  125.8000    0.0000000    0.0000000    0.0000000    0.0000000
  125.9000    0.0000000    0.0000000    0.0000000    0.0000000
  126.0000    0.0000000    0.0000000    0.0000000    0.0000000
  126.1000    0.0000000    0.0000000    0.0000000    0.0000000
  126.2000    0.0000000    0.0000000    0.0000000    0.0000000
  126.3000    0.0000000    0.0000000    0.0000000    0.0000000
  126.4000    0.0000000    0.0000000    0.0000000    0.0000000
  126.5000    0.0000000    0.0000000    0.0000000    0.0000000
  126.6000    0.0000000    0.0000000    0.0000000    0.0000000
  126.7000    0.0000000    0.0000000    0.0000000    0.0000000
  126.8000    0.0000000    0.0000000    0.0000000    0.0000000
  126.9000    0.0000000    0.0000000    0.0000000    0.0000000
  127.0000    0.0000000    0.0000000    0.0000000    0.0000000
  127.1000    0.0000000    0.0000000    0.0000000    0.0000000
  127.2000    0.0000000    0.0000000    0.0000000    0.0000000
  127.3000    0.0000000    0.0000000    0.0000000    0.0000000
  127.4000    0.0000000    0.0000000    0.0000000    0.0000000
  127.5000    0.0000000    0.0000000    0.0000000    0.0000000
  127.6000    0.0000000    0.0000000    0.0000000    0.0000000
  127.7000    0.0000000    0.0000000    0.0000000    0.0000000
  127.8000    0.0000000    0.0000000    0.0000000    0.0000000
  127.9000    0.0000000    0.0000000    0.0000000    0.0000000
  128.0000    0.0000000    0.0000000    0.0000000    0.0000000
  128.1000    0.0000000    0.0000000    0.0000000    0.0000000
  128.2000    0.0000000    0.0000000    0.0000000    0.0000000
  128.3000    0.0000000    0.0000000    0.0000000    0.0000000
  128.4000    0.0000000    0.0000000    0.0000000    0.0000000
  128.5000    0.0000000    0.0000000    0.0000000    0.0000000
  128.6000    0.0000000    0.0000000    0.0000000    0.0000000
  128.7000    0.0000000    0.0000000    0.0000000    0.0000000
  128.8000    0.0000000    0.0000000    0.0000000    0.0000000
  128.9000    0.0000000    0.0000000    0.0000000    0.0000000
  129.0000    0.0000000    0.0000000    0.0000000    0.0000000
  129.1000    0.0000000    0.0000000    0.0000000    0.0000000
  129.2000    0.0000000    0.0000000    0.0000000    0.0000000
  129.3000    0.0000000    0.0000000    0.0000000    0.0000000
  129.4000    0.0000000    0.0000000    0.0000000    0.0000000
  129.5000    0.0000000    0.0000000    0.0000000    0.0000000
  129.6000    0.0000000    0.0000000    0.0000000    0.0000000
  129.7000    0.0000000    0.0000000    0.0000000    0.0000000
  129.8000    0.0000000    0.0000000    0.0000000    0.0000000
  129.9000    0.0000000    0.0000000    0.0000000    0.0000000
  130.0000    0.0000000    0.0000000    0.0000000    0.0000000
  130.1000    0.0000000    0.0000000    0.0000000    0.0000000
  130.2000    0.0000000    0.0000000    0.0000000    0.0000000
  130.3000    0.0000000    0.0000000    0.0000000    0.0000000
  130.4000    0.0000000    0.0000000    0.0000000    0.0000000
  130.5000    0.0000000    0.0000000    0.0000000    0.0000000
  130.6000    0.0000000    0.0000000    0.0000000    0.0000000
  130.7000    0.0000000    0.0000000    0.0000000    0.0000000
  130.8000    0.0000000    0.0000000    0.0000000    0.0000000
  130.9000    0.0000000    0.0000000    0.0000000    0.0000000
  131.0000    0.0000000    0.0000000    0.0000000    0.0000000
  131.1000    0.0000000    0.0000000    0.0000000    0.0000000
  131.2000    0.0000000    0.0000000    0.0000000    0.0000000
  131.3000    0.0000000    0.0000000    0.0000000    0.0000000
  131.4000    0.0000000    0.0000000    0.0000000    0.0000000
  131.5000    0.0000000    0.0000000    0.0000000    0.0000000
  131.6000    0.0000000    0.0000000    0.0000000    0.0000000
  131.7000    0.0000000    0.0000000    0.0000000    0.0000000
  131.8000    0.0000000    0.0000000    0.0000000    0.0000000
  131.9000    0.0000000    0.0000000    0.0000000    0.0000000
  132.0000    0.0000000    0.0000000    0.0000000    0.0000000
  132.1000    0.0000000    0.0000000    0.0000000    0.0000000
  132.2000    0.0000000    0.0000000    0.0000000    0.0000000
  132.3000    0.0000000    0.0000000    0.0000000    0.0000000
  132.4000    0.0000000    0.0000000    0.0000000    0.0000000
  132.5000    0.0000000    0.0000000    0.0000000    0.0000000
  132.6000    0.0000000    0.0000000    0.0000000    0.0000000
  132.7000    0.0000000    0.0000000    0.0000000    0.0000000
  132.8000    0.0000000    0.0000000    0.0000000    0.0000000
  132.9000    0.0000000    0.0000000    0.0000000    0.0000000
  133.0000    0.0000000    0.0000000    0.0000000    0.0000000
  133.1000    0.0000000    0.0000000    0.0000000    0.0000000
  133.2000    0.0000000    0.0000000    0.0000000    0.0000000
  133.3000    0.0000000    0.0000000    0.0000000    0.0000000
  133.4000    0.0000000    0.0000000    0.0000000    0.0000000
  133.5000    0.0000000    0.0000000    0.0000000    0.0000000
  133.6000    0.0000000    0.0000000    0.0000000    0.0000000
  133.7000    0.0000000    0.0000000    0.0000000    0.0000000
  133.8000    0.0000000    0.0000000    0.0000000    0.0000000
  133.9000    0.0000000    0.0000000    0.0000000    0.0000000
  134.0000    0.0000000    0.0000000    0.0000000    0.0000000
  134.1000    0.0000000    0.0000000    0.0000000    0.0000000
  134.2000    0.0000000    0.0000000    0.0000000    0.0000000
  134.3000    0.0000000    0.0000000    0.0000000    0.0000000
  134.4000    0.0000000    0.0000000    0.0000000    0.0000000
  134.5000    0.0000000    0.0000000    0.0000000    0.0000000
  134.6000    0.0000000    0.0000000    0.0000000    0.0000000
  134.7000    0.0000000    0.0000000    0.0000000    0.0000000
  134.8000    0.0000000    0.0000000    0.0000000    0.0000000
  134.9000    0.0000000    0.0000000    0.0000000    0.0000000
  135.0000    0.0000000    0.0000000    0.0000000    0.0000000
  135.1000    0.0000000    0.0000000    0.0000000    0.0000000
  135.2000    0.0000000    0.0000000    0.0000000    0.0000000
  135.3000    0.0000000    0.0000000    0.0000000    0.0000000
  135.4000    0.0000000    0.0000000    0.0000000    0.0000000
  135.5000    0.0000000    0.0000000    0.0000000    0.0000000
  135.6000    0.0000000    0.0000000    0.0000000    0.0000000
  135.7000    0.0000000    0.0000000    0.0000000    0.0000000
  135.8000    0.0000000    0.0000000    0.0000000    0.0000000
  135.9000    0.0000000    0.0000000    0.0000000    0.0000000
  136.0000    0.0000000    0.0000000    0.0000000    0.0000000
  136.1000    0.0000000    0.0000000    0.0000000    0.0000000
  136.2000    0.0000000    0.0000000    0.0000000    0.0000000
  136.3000    0.0000000    0.0000000    0.0000000    0.0000000
  136.4000    0.0000000    0.0000000    0.0000000    0.0000000
  136.5000    0.0000000    0.0000000    0.0000000    0.0000000
  136.6000    0.0000000    0.0000000    0.0000000    0.0000000
  136.7000    0.0000000    0.0000000    0.0000000    0.0000000
  136.8000    0.0000000    0.0000000    0.0000000    0.0000000
  136.9000    0.0000000    0.0000000    0.0000000    0.0000000
  137.0000    0.0000000    0.0000000    0.0000000    0.0000000
  137.1000    0.0000000    0.0000000    0.0000000    0.0000000
  137.2000    0.0000000    0.0000000    0.0000000    0.0000000
  137.3000    0.0000000    0.0000000    0.0000000    0.0000000
  137.4000    0.0000000    0.0000000    0.0000000    0.0000000
  137.5000    0.0000000    0.0000000    0.0000000    0.0000000
  137.6000    0.0000000    0.0000000    0.0000000    0.0000000
  137.7000    0.0000000    0.0000000    0.0000000    0.0000000
  137.8000    0.0000000    0.0000000    0.0000000    0.0000000
  137.9000    0.0000000    0.0000000    0.0000000    0.0000000
  138.0000    0.0000000    0.0000000    0.0000000    0.0000000
  138.1000    0.0000000    0.0000000    0.0000000    0.0000000
  138.2000    0.0000000    0.0000000    0.0000000    0.0000000
  138.3000    0.0000000    0.0000000    0.0000000    0.0000000
  138.4000    0.0000000    0.0000000    0.0000000    0.0000000
  138.5000    0.0000000    0.0000000    0.0000000    0.0000000
  138.6000    0.0000000    0.0000000    0.0000000    0.0000000
  138.7000    0.0000000    0.0000000    0.0000000    0.0000000
  138.8000    0.0000000    0.0000000    0.0000000    0.0000000
  138.9000    0.0000000    0.0000000    0.0000000    0.0000000
  139.0000    0.0000000    0.0000000    0.0000000    0.0000000
  139.1000    0.0000000    0.0000000    0.0000000    0.0000000
  139.2000    0.0000000    0.0000000    0.0000000    0.0000000
  139.3000    0.0000000    0.0000000    0.0000000    0.0000000
  139.4000    0.0000000    0.0000000    0.0000000    0.0000000
  139.5000    0.0000000    0.0000000    0.0000000    0.0000000
  139.6000    0.0000000    0.0000000    0.0000000    0.0000000
  139.7000    0.0000000    0.0000000    0.0000000    0.0000000
  139.8000    0.0000000    0.0000000    0.0000000    0.0000000
  139.9000    0.0000000    0.0000000    0.0000000    0.0000000
  140.0000    0.0000000    0.0000000    0.0000000    0.0000000
  140.1000    0.0000000    0.0000000    0.0000000    0.0000000
  140.2000    0.0000000    0.0000000    0.0000000    0.0000000
  140.3000    0.0000000    0.0000000    0.0000000    0.0000000
  140.4000    0.0000000    0.0000000    0.0000000    0.0000000
  140.5000    0.0000000    0.0000000    0.0000000    0.0000000
  140.6000    0.0000000    0.0000000    0.0000000    0.0000000
  140.7000    0.0000000    0.0000000    0.0000000    0.0000000
  140.8000    0.0000000    0.0000000    0.0000000    0.0000000
  140.9000    0.0000000    0.0000000    0.0000000    0.0000000
  141.0000    0.0000000    0.0000000    0.0000000    0.0000000
  141.1000    0.0000000    0.0000000    0.0000000    0.0000000
  141.2000    0.0000000    0.0000000    0.0000000    0.0000000
  141.3000    0.0000000    0.0000000    0.0000000    0.0000000
  141.4000    0.0000000    0.0000000    0.0000000    0.0000000
  141.5000    0.0000000    0.0000000    0.0000000    0.0000000
  141.6000    0.0000000    0.0000000    0.0000000    0.0000000
  141.7000    0.0000000    0.0000000    0.0000000    0.0000000
  141.8000    0.0000000    0.0000000    0.0000000    0.0000000
  141.9000    0.0000000    0.0000000    0.0000000    0.0000000
  142.0000    0.0000000    0.0000000    0.0000000    0.0000000
  142.1000    0.0000000    0.0000000    0.0000000    0.0000000
  142.2000    0.0000000    0.0000000    0.0000000    0.0000000
  142.3000    0.0000000    0.0000000    0.0000000    0.0000000
  142.4000    0.0000000    0.0000000    0.0000000    0.0000000
  142.5000    0.0000000    0.0000000    0.0000000    0.0000000
  142.6000    0.0000000    0.0000000    0.0000000    0.0000000
  142.7000    0.0000000    0.0000000    0.0000000    0.0000000
  142.8000    0.0000000    0.0000000    0.0000000    0.0000000
  142.9000    0.0000000    0.0000000    0.0000000    0.0000000
  143.0000    0.0000000    0.0000000    0.0000000    0.0000000
  143.1000    0.0000000    0.0000000    0.0000000    0.0000000
  143.2000    0.0000000    0.0000000    0.0000000    0.0000000
  143.3000    0.0000000    0.0000000    0.0000000    0.0000000
  143.4000    0.0000000    0.0000000    0.0000000    0.0000000
  143.5000    0.0000000    0.0000000    0.0000000    0.0000000
  143.6000    0.0000000    0.0000000    0.0000000    0.0000000
  143.7000    0.0000000    0.0000000    0.0000000    0.0000000
  143.8000    0.0000000    0.0000000    0.0000000    0.0000000
  143.9000    0.0000000    0.0000000    0.0000000    0.0000000
  144.0000    0.0000000    0.0000000    0.0000000    0.0000000
  144.1000    0.0000000    0.0000000    0.0000000    0.0000000
  144.2000    0.0000000    0.0000000    0.0000000    0.0000000
  144.3000    0.0000000    0.0000000    0.0000000    0.0000000
  144.4000    0.0000000    0.0000000    0.0000000    0.0000000
  144.5000    0.0000000    0.0000000    0.0000000    0.0000000
  144.6000    0.0000000    0.0000000    0.0000000    0.0000000
  144.7000    0.0000000    0.0000000    0.0000000    0.0000000
  144.8000    0.0000000    0.0000000    0.0000000    0.0000000
  144.9000    0.0000000    0.0000000    0.0000000    0.0000000
  145.0000    0.0000000    0.0000000    0.0000000    0.0000000
  145.1000    0.0000000    0.0000000    0.0000000    0.0000000
  145.2000    0.0000000    0.0000000    0.0000000    0.0000000
  145.3000    0.0000000    0.0000000    0.0000000    0.0000000
  145.4000    0.0000000    0.0000000    0.0000000    0.0000000
  145.5000    0.0000000    0.0000000    0.0000000    0.0000000
  145.6000    0.0000000    0.0000000    0.0000000    0.0000000
  145.7000    0.0000000    0.0000000    0.0000000    0.0000000
  145.8000    0.0000000    0.0000000    0.0000000    0.0000000
  145.9000    0.0000000    0.0000000    0.0000000    0.0000000
  146.0000    0.0000000    0.0000000    0.0000000    0.0000000
  146.1000    0.0000000    0.0000000    0.0000000    0.0000000
  146.2000    0.0000000    0.0000000    0.0000000    0.0000000
  146.3000    0.0000000    0.0000000    0.0000000    0.0000000
  146.4000    0.0000000    0.0000000    0.0000000    0.0000000
  146.5000    0.0000000    0.0000000    0.0000000    0.0000000
  146.6000    0.0000000    0.0000000    0.0000000    0.0000000
  146.7000    0.0000000    0.0000000    0.0000000    0.0000000
  146.8000    0.0000000    0.0000000    0.0000000    0.0000000
  146.9000    0.0000000    0.0000000    0.0000000    0.0000000
  147.0000    0.0000000    0.0000000    0.0000000    0.0000000
  147.1000    0.0000000    0.0000000    0.0000000    0.0000000
  147.2000    0.0000000    0.0000000    0.0000000    0.0000000
  147.3000    0.0000000    0.0000000    0.0000000    0.0000000
  147.4000    0.0000000    0.0000000    0.0000000    0.0000000
  147.5000    0.0000000    0.0000000    0.0000000    0.0000000
  147.6000    0.0000000    0.0000000    0.0000000    0.0000000
  147.7000    0.0000000    0.0000000    0.0000000    0.0000000
  147.8000    0.0000000    0.0000000    0.0000000    0.0000000
  147.9000    0.0000000    0.0000000    0.0000000    0.0000000
  148.0000    0.0000000    0.0000000    0.0000000    0.0000000
  148.1000    0.0000000    0.0000000    0.0000000    0.0000000
  148.2000    0.0000000    0.0000000    0.0000000    0.0000000
  148.3000    0.0000000    0.0000000    0.0000000    0.0000000
  148.4000    0.0000000    0.0000000    0.0000000    0.0000000
  148.5000    0.0000000    0.0000000    0.0000000    0.0000000
  148.6000    0.0000000    0.0000000    0.0000000    0.0000000
  148.7000    0.0000000    0.0000000    0.0000000    0.0000000
  148.8000    0.0000000    0.0000000    0.0000000    0.0000000
  148.9000    0.0000000    0.0000000    0.0000000    0.0000000
  149.0000    0.0000000    0.0000000    0.0000000    0.0000000
  149.1000    0.0000000    0.0000000    0.0000000    0.0000000
  149.2000    0.0000000    0.0000000    0.0000000    0.0000000
  149.3000    0.0000000    0.0000000    0.0000000    0.0000000
  149.4000    0.0000000    0.0000000    0.0000000    0.0000000
  149.5000    0.0000000    0.0000000    0.0000000    0.0000000
  149.6000    0.0000000    0.0000000    0.0000000    0.0000000
  149.7000    0.0000000    0.0000000    0.0000000    0.0000000
  149.8000    0.0000000    0.0000000    0.0000000    0.0000000
  149.9000    0.0000000    0.0000000    0.0000000    0.0000000
  150.0000    0.0000000    0.0000000    0.0000000    0.0000000
