position	UNBOUND	O	OO	OOO	H	OH	OOH	OOOH	HH	OHH	OOHH	OOOHH	HHH	OHHH	OOHHH	OOOHHH	
-40.0 0 0 0 0 0 0 0 0 0 0 0 0 0 0 0 0
-39.9 0 0 0 0 0 0 0 0 0 0 0 0 0 0 0 0
-39.8 0 0 0 0 0 0 0 0 0 0 0 0 0 0 0 0
-39.7 0 0 0 0 0 0 0 0 0 0 0 0 0 0 0 0
-39.6 0 0 0 0 0 0 0 0 0 0 0 0 0 0 0 0
-39.5 0 0 0 0 0 0 0 0 0 0 0 0 0 0 0 0
-39.4 0 0 0 0 0 0 0 0 0 0 0 0 0 0 0 0
-39.3 0 0 0 0 0 0 0 0 0 0 0 0 0 0 0 0
-39.2 0 0 0 0 0 0 0 0 0 0 0 0 0 0 0 0
-39.1 0 0 0 0 0 0 0 0 0 0 0 0 0 0 0 0
-39.0 0 0 0 0 0 0 0 0 0 0 0 0 0 0 0 0
-38.9 0 0 0 0 0 0 0 0 0 0 0 0 0 0 0 0
-38.8 0 0 0 0 0 0 0 0 0 0 0 0 0 0 0 0
-38.7 0 0 0 0 0 0 0 0 0 0 0 0 0 0 0 0
-38.6 0 0 0 0 0 0 0 0 0 0 0 0 0 0 0 0
-38.5 0 0 0 0 0 0 0 0 0 0 0 0 0 0 0 0
-38.4 0 0 0 0 0 0 0 0 0 0 0 0 0 0 0 0
-38.3 0 0 0 0 0 0 0 0 0 0 0 0 0 0 0 0
-38.2 0 0 0 0 0 0 0 0 0 0 0 0 0 0 0 0
-38.1 0 0 0 0 0 0 0 0 0 0 0 0 0 0 0 0
-38.0 0 0 0 0 0 0 0 0 0 0 0 0 0 0 0 0
-37.9 0 0 0 0 0 0 0 0 0 0 0 0 0 0 0 0
-37.8 0 0 0 0 0 0 0 0 0 0 0 0 0 0 0 0
-37.7 0 0 0 0 0 0 0 0 0 0 0 0 0 0 0 0
-37.6 0 0 0 0 0 0 0 0 0 0 0 0 0 0 0 0
-37.5 0 0 0 0 0 0 0 0 0 0 0 0 0 0 0 0
-37.4 0 0 0 0 0 0 0 0 0 0 0 0 0 0 0 0
-37.3 0 0 0 0 0 0 0 0 0 0 0 0 0 0 0 0
-37.2 0 0 0 0 0 0 0 0 0 0 0 0 0 0 0 0
-37.1 0 0 0 0 0 0 0 0 0 0 0 0 0 0 0 0
-37.0 0 0 0 0 0 0 0 0 0 0 0 0 0 0 0 0
-36.9 0 0 0 0 0 0 0 0 0 0 0 0 0 0 0 0
-36.8 0 0 0 0 0 0 0 0 0 0 0 0 0 0 0 0
-36.7 0 0 0 0 0 0 0 0 0 0 0 0 0 0 0 0
-36.6 0 0 0 0 0 0 0 0 0 0 0 0 0 0 0 0
-36.5 0 0 0 0 0 0 0 0 0 0 0 0 0 0 0 0
-36.4 0 0 0 0 0 0 0 0 0 0 0 0 0 0 0 0
-36.3 0 0 0 0 0 0 0 0 0 0 0 0 0 0 0 0
-36.2 0 0 0 0 0 0 0 0 0 0 0 0 0 0 0 0
-36.1 0 0 0 0 0 0 0 0 0 0 0 0 0 0 0 0
-36.0 0 0 0 0 0 0 0 0 0 0 0 0 0 0 0 0
-35.9 0 0 0 0 0 0 0 0 0 0 0 0 0 0 0 0
-35.8 0 0 0 0 0 0 0 0 0 0 0 0 0 0 0 0
-35.7 0 0 0 0 0 0 0 0 0 0 0 0 0 0 0 0
-35.6 0 0 0 0 0 0 0 0 0 0 0 0 0 0 0 0
-35.5 0 0 0 0 0 0 0 0 0 0 0 0 0 0 0 0
-35.4 0 0 0 0 0 0 0 0 0 0 0 0 0 0 0 0
-35.3 0 0 0 0 0 0 0 0 0 0 0 0 0 0 0 0
-35.2 0 0 0 0 0 0 0 0 0 0 0 0 0 0 0 0
-35.1 0 0 0 0 0 0 0 0 0 0 0 0 0 0 0 0
-35.0 0 0 0 0 0 0 0 0 0 0 0 0 0 0 0 0
-34.9 0 0 0 0 0 0 0 0 0 0 0 0 0 0 0 0
-34.8 0 0 0 0 0 0 0 0 0 0 0 0 0 0 0 0
-34.7 0 0 0 0 0 0 0 0 0 0 0 0 0 0 0 0
-34.6 0 0 0 0 0 0 0 0 0 0 0 0 0 0 0 0
-34.5 0 0 0 0 0 0 0 0 0 0 0 0 0 0 0 0
-34.4 0 0 0 0 0 0 0 0 0 0 0 0 0 0 0 0
-34.3 0 0 0 0 0 0 0 0 0 0 0 0 0 0 0 0
-34.2 0 0 0 0 0 0 0 0 0 0 0 0 0 0 0 0
-34.1 0 0 0 0 0 0 0 0 0 0 0 0 0 0 0 0
-34.0 0 0 0 0 0 0 0 0 0 0 0 0 0 0 0 0
-33.9 0 0 0 0 0 0 0 0 0 0 0 0 0 0 0 0
-33.8 0 0 0 0 0 0 0 0 0 0 0 0 0 0 0 0
-33.7 0 0 0 0 0 0 0 0 0 0 0 0 0 0 0 0
-33.6 0 0 0 0 0 0 0 0 0 0 0 0 0 0 0 0
-33.5 0 0 0 0 0 0 0 0 0 0 0 0 0 0 0 0
-33.4 0 0 0 0 0 0 0 0 0 0 0 0 0 0 0 0
-33.3 0 0 0 0 0 0 0 0 0 0 0 0 0 0 0 0
-33.2 0 0 0 0 0 0 0 0 0 0 0 0 0 0 0 0
-33.1 0 0 0 0 0 0 0 0 0 0 0 0 0 0 0 0
-33.0 0 0 0 0 0 0 0 0 0 0 0 0 0 0 0 0
-32.9 0 0 0 0 0 0 0 0 0 0 0 0 0 0 0 0
-32.8 0 0 0 0 0 0 0 0 0 0 0 0 0 0 0 0
-32.7 0 0 0 0 0 0 0 0 0 0 0 0 0 0 0 0
-32.6 0 0 0 0 0 0 0 0 0 0 0 0 0 0 0 0
-32.5 0 0 0 0 0 0 0 0 0 0 0 0 0 0 0 0
-32.4 0 0 0 0 0 0 0 0 0 0 0 0 0 0 0 0
-32.3 0 0 0 0 0 0 0 0 0 0 0 0 0 0 0 0
-32.2 0 0 0 0 0 0 0 0 0 0 0 0 0 0 0 0
-32.1 0 0 0 0 0 0 0 0 0 0 0 0 0 0 0 0
-32.0 0 0 0 0 0 0 0 0 0 0 0 0 0 0 0 0
-31.9 0 0 0 0 0 0 0 0 0 0 0 0 0 0 0 0
-31.8 0 0 0 0 0 0 0 0 0 0 0 0 0 0 0 0
-31.7 0 0 0 0 0 0 0 0 0 0 0 0 0 0 0 0
-31.6 0 0 0 0 0 0 0 0 0 0 0 0 0 0 0 0
-31.5 0 0 0 0 0 0 0 0 0 0 0 0 0 0 0 0
-31.4 0 0 0 0 0 0 0 0 0 0 0 0 0 0 0 0
-31.3 0 0 0 0 0 0 0 0 0 0 0 0 0 0 0 0
-31.2 0 0 0 0 0 0 0 0 0 0 0 0 0 0 0 0
-31.1 0 0 0 0 0 0 0 0 0 0 0 0 0 0 0 0
-31.0 0 0 0 0 0 0 0 0 0 0 0 0 0 0 0 0
-30.9 0 0 0 0 0 0 0 0 0 0 0 0 0 0 0 0
-30.8 0 0 0 0 0 0 0 0 0 0 0 0 0 0 0 0
-30.7 0 0 0 0 0 0 0 0 0 0 0 0 0 0 0 0
-30.6 0 0 0 0 0 0 0 0 0 0 0 0 0 0 0 0
-30.5 0 0 0 0 0 0 0 0 0 0 0 0 0 0 0 0
-30.4 0 0 0 0 0 0 0 0 0 0 0 0 0 0 0 0
-30.3 0 0 0 0 0 0 0 0 0 0 0 0 0 0 0 0
-30.2 0 0 0 0 0 0 0 0 0 0 0 0 0 0 0 0
-30.1 0 0 0 0 0 0 0 0 0 0 0 0 0 0 0 0
-30.0 0 0 0 0 0 0 0 0 0 0 0 0 0 0 0 0
-29.9 0 0 0 0 0 0 0 0 0 0 0 0 0 0 0 0
-29.8 0 0 0 0 0 0 0 0 0 0 0 0 0 0 0 0
-29.7 0 0 0 0 0 0 0 0 0 0 0 0 0 0 0 0
-29.6 0 0 0 0 0 0 0 0 0 0 0 0 0 0 0 0
-29.5 0 0 0 0 0 0 0 0 0 0 0 0 0 0 0 0
-29.4 0 0 0 0 0 0 0 0 0 0 0 0 0 0 0 0
-29.3 0 0 0 0 0 0 0 0 0 0 0 0 0 0 0 0
-29.2 0 0 0 0 0 0 0 0 0 0 0 0 0 0 0 0
-29.1 0 0 0 0 0 0 0 0 0 0 0 0 0 0 0 0
-29.0 0 0 0 0 0 0 0 0 0 0 0 0 0 0 0 0
-28.9 0 0 0 0 0 0 0 0 0 0 0 0 0 0 0 0
-28.8 0 0 0 0 0 0 0 0 0 0 0 0 0 0 0 0
-28.7 0 0 0 0 0 0 0 0 0 0 0 0 0 0 0 0
-28.6 0 0 0 0 0 0 0 0 0 0 0 0 0 0 0 0
-28.5 0 0 0 0 0 0 0 0 0 0 0 0 0 0 0 0
-28.4 0 0 0 0 0 0 0 0 0 0 0 0 0 0 0 0
-28.3 0 0 0 0 0 0 0 0 0 0 0 0 0 0 0 0
-28.2 0 0 0 0 0 0 0 0 0 0 0 0 0 0 0 0
-28.1 0 0 0 0 0 0 0 0 0 0 0 0 0 0 0 0
-28.0 0 0 0 0 0 0 0 0 0 0 0 0 0 0 0 0
-27.9 0 0 0 0 0 0 0 0 0 0 0 0 0 0 0 0
-27.8 0 0 0 0 0 0 0 0 0 0 0 0 0 0 0 0
-27.7 0 0 0 0 0 0 0 0 0 0 0 0 0 0 0 0
-27.6 0 0 0 0 0 0 0 0 0 0 0 0 0 0 0 0
-27.5 0 0 0 0 0 0 0 0 0 0 0 0 0 0 0 0
-27.4 0 0 0 0 0 0 0 0 0 0 0 0 0 0 0 0
-27.3 0 0 0 0 0 0 0 0 0 0 0 0 0 0 0 0
-27.2 0 0 0 0 0 0 0 0 0 0 0 0 0 0 0 0
-27.1 0 0 0 0 0 0 0 0 0 0 0 0 0 0 0 0
-27.0 0 0 0 0 0 0 0 0 0 0 0 0 0 0 0 0
-26.9 0 0 0 0 0 0 0 0 0 0 0 0 0 0 0 0
-26.8 0 0 0 0 0 0 0 0 0 0 0 0 0 0 0 0
-26.7 0 0 0 0 0 0 0 0 0 0 0 0 0 0 0 0
-26.6 0 0 0 0 0 0 0 0 0 0 0 0 0 0 0 0
-26.5 0 0 0 0 0 0 0 0 0 0 0 0 0 0 0 0
-26.4 0 0 0 0 0 0 0 0 0 0 0 0 0 0 0 0
-26.3 0 0 0 0 0 0 0 0 0 0 0 0 0 0 0 0
-26.2 0 0 0 0 0 0 0 0 0 0 0 0 0 0 0 0
-26.1 0 0 0 0 0 0 0 0 0 0 0 0 0 0 0 0
-26.0 0 0 0 0 0 0 0 0 0 0 0 0 0 0 0 0
-25.9 0 0 0 0 0 0 0 0 0 0 0 0 0 0 0 0
-25.8 0 0 0 0 0 0 0 0 0 0 0 0 0 0 0 0
-25.7 0 0 0 0 0 0 0 0 0 0 0 0 0 0 0 0
-25.6 0 0 0 0 0 0 0 0 0 0 0 0 0 0 0 0
-25.5 0 0 0 0 0 0 0 0 0 0 0 0 0 0 0 0
-25.4 0 0 0 0 0 0 0 0 0 0 0 0 0 0 0 0
-25.3 0 0 0 0 0 0 0 0 0 0 0 0 0 0 0 0
-25.2 0 0 0 0 0 0 0 0 0 0 0 0 0 0 0 0
-25.1 0 0 0 0 0 0 0 0 0 0 0 0 0 0 0 0
-25.0 0 0 0 0 0 0 0 0 0 0 0 0 0 0 0 0
-24.9 0 0 0 0 0 0 0 0 0 0 0 0 0 0 0 0
-24.8 0 0 0 0 0 0 0 0 0 0 0 0 0 0 0 0
-24.7 0 0 0 0 0 0 0 0 0 0 0 0 0 0 0 0
-24.6 0 0 0 0 0 0 0 0 0 0 0 0 0 0 0 0
-24.5 0 0 0 0 0 0 0 0 0 0 0 0 0 0 0 0
-24.4 0 0 0 0 0 0 0 0 0 0 0 0 0 0 0 0
-24.3 0 0 0 0 0 0 0 0 0 0 0 0 0 0 0 0
-24.2 0 0 0 0 0 0 0 0 0 0 0 0 0 0 0 0
-24.1 0 0 0 0 0 0 0 0 0 0 0 0 0 0 0 0
-24.0 0 0 0 0 0 0 0 0 0 0 0 0 0 0 0 0
-23.9 0 0 0 0 0 0 0 0 0 0 0 0 0 0 0 0
-23.8 0 0 0 0 0 0 0 0 0 0 0 0 0 0 0 0
-23.7 0 0 0 0 0 0 0 0 0 0 0 0 0 0 0 0
-23.6 0 0 0 0 0 0 0 0 0 0 0 0 0 0 0 0
-23.5 0 0 0 0 0 0 0 0 0 0 0 0 0 0 0 0
-23.4 0 0 0 0 0 0 0 0 0 0 0 0 0 0 0 0
-23.3 51 772 810 59 370 8611 13975 1830 703 24432 59827 12655 58 1815 3855 0
-23.2 140 2174 2246 150 1014 24207 39019 5113 1948 67847 165395 35052 175 5112 10765 0
-23.1 135 2126 2307 170 1040 24160 39044 5148 1905 67977 165532 35231 160 5063 10715 0
-23.0 146 2070 2268 160 1011 24054 39087 5154 1936 67675 165730 35199 161 5061 10778 0
-22.9 133 2163 2248 153 1061 24089 38842 5118 1939 67716 165704 35003 160 5064 10706 0
-22.8 148 2103 2181 165 1043 24139 38893 5162 1918 67942 166105 34925 145 5065 10808 0
-22.7 120 2093 2220 160 1037 23866 38971 5104 1988 67805 165837 35080 156 5050 10821 0
-22.6 119 2091 2195 154 1031 23900 39170 5123 2014 68015 166320 35372 169 5054 10776 0
-22.5 109 2151 2153 163 1004 23955 39142 5102 2007 67697 166209 35343 178 5088 10849 0
-22.4 127 2135 2173 164 1015 23746 38852 5066 2051 67972 165872 35418 169 5081 10760 0
-22.3 119 2114 2174 155 1047 23962 39037 5168 2053 67718 166068 35360 164 5144 10873 0
-22.2 122 2147 2176 168 1009 24000 38810 5120 2003 67684 166808 35396 175 5108 10728 0
-22.1 131 2104 2182 172 1007 23967 39016 5169 2006 67771 166337 35218 175 5002 10781 0
-22.0 129 2074 2240 153 998 23994 38647 5113 2025 68357 165906 35370 171 5104 10959 0
-21.9 138 2036 2212 155 1064 24020 38726 5049 1948 68122 165669 35106 161 5097 10764 0
-21.8 149 2067 2228 162 1048 24001 38750 5162 2004 68110 165634 35239 152 5142 10849 0
-21.7 150 2080 2236 181 1029 24025 38895 5166 1948 68140 165323 35137 155 5148 10704 0
-21.6 162 2075 2194 165 1059 23939 38926 5160 1994 68055 165440 35120 162 5083 10805 0
-21.5 167 2076 2212 164 1052 23931 38712 5128 1940 68479 165606 35355 158 5045 10772 0
-21.4 159 2102 2191 165 1018 23704 38818 5141 1958 68193 166246 35053 162 5103 10854 0
-21.3 156 2071 2164 170 1041 23793 38883 5184 2070 68193 165717 35357 178 5104 10898 0
-21.2 169 2068 2158 169 1043 23881 38757 5185 1983 68093 166226 35281 173 5057 10865 0
-21.1 161 2099 2121 158 1107 23927 38898 5188 1992 68140 165968 35442 173 5077 10754 0
-21.0 176 2048 2102 164 1033 23643 38577 5172 2021 68366 166599 35375 168 5054 10880 0
-20.9 159 2111 2069 161 1026 23816 38895 5068 2046 68187 166533 35231 165 5099 10927 0
-20.8 161 2090 2144 166 1088 23531 38747 5206 2011 68077 165792 35270 172 5115 10844 0
-20.7 168 2017 2169 150 1053 23455 38504 5076 2058 68090 166108 35256 172 5166 10909 0
-20.6 158 2037 2163 154 1065 23525 38451 5124 2020 68402 166153 35641 168 5031 10788 0
-20.5 153 2068 2189 170 1046 23455 38331 5122 2026 68088 166395 35423 165 5134 10859 0
-20.4 143 2094 2101 159 1021 23338 38353 5068 1990 68609 167156 35500 168 5177 10803 0
-20.3 143 2047 2142 178 1059 23392 38257 5049 1970 68345 166947 35744 165 5168 10956 0
-20.2 147 2054 2115 178 1003 23246 38130 5089 1993 68261 167158 35555 168 5213 10973 0
-20.1 132 2028 2171 173 1017 23403 38065 5047 1990 68594 167188 35600 171 5112 11045 0
-20.0 133 2020 2072 165 979 23413 38036 5018 2003 68534 167251 35763 163 5112 10771 0
-19.9 146 2006 2125 164 1017 23324 37877 4971 2010 68289 167251 35729 174 5203 10956 0
-19.8 124 2028 2123 164 982 23416 38007 5023 2034 68282 167156 35703 172 5107 10953 0
-19.7 129 2069 2055 168 1007 23353 37905 5047 2032 68284 167046 35733 179 5198 10925 0
-19.6 129 2054 2184 159 983 23374 37872 5015 2042 68500 166973 35599 156 5150 10953 0
-19.5 126 1991 2104 159 1009 23470 37977 4952 2021 68458 167381 35619 168 5213 10930 0
-19.4 112 2045 2149 166 1023 23398 37890 5065 2041 68710 167775 35527 174 5139 10892 0
-19.3 125 2020 2114 148 992 23417 37819 4980 2065 68627 167743 35459 168 5164 10885 0
-19.2 111 2017 2101 170 1011 23452 38041 5044 2071 68686 167767 35617 165 5134 10868 0
-19.1 122 2041 2205 167 990 23324 38262 5002 2022 68539 168040 35761 165 5115 11053 0
-19.0 112 2020 2245 180 991 23516 38321 4968 2004 68532 168194 35783 170 5143 10921 0
-18.9 127 1998 2202 171 1008 23160 38387 5080 2016 68680 168570 35776 173 5089 11018 0
-18.8 110 1987 2141 159 1001 23375 38253 5065 1979 68583 168197 35906 170 5139 10903 0
-18.7 129 1998 2134 162 1006 23122 38185 4959 2030 68845 168940 35963 167 5198 10914 0
-18.6 127 2008 2079 161 964 23224 38221 5124 1988 68846 168842 35957 175 5152 10894 0
-18.5 127 1971 2145 175 971 23336 38111 5043 2022 68514 168421 35901 158 5137 10957 0
-18.4 115 1985 2186 159 1003 23444 38230 5165 2021 68443 168414 35827 176 5210 10960 0
-18.3 110 1935 2212 172 996 23257 38378 5042 1957 68930 168674 35673 170 5179 11026 0
-18.2 108 1941 2132 161 1020 23378 37999 5083 1985 68758 167962 35591 171 5123 10915 0
-18.1 105 1967 2118 145 1022 23299 37989 4994 2034 69055 168194 35546 185 5119 10992 0
-18.0 124 1988 2095 171 993 23295 38046 5056 1948 68715 167809 35358 163 5173 10960 0
-17.9 111 2026 2119 162 1016 23418 38109 5054 1988 69296 168232 35533 175 5212 10906 0
-17.8 122 1972 2068 163 1007 23409 38475 5051 1999 69294 168095 35607 168 5181 10985 0
-17.7 111 2034 2075 156 1009 23466 38274 4994 1955 68891 168768 35642 163 5127 11016 0
-17.6 116 1955 2029 168 974 23401 38382 5005 2049 68935 168706 35935 167 5192 10959 0
-17.5 108 1960 2047 152 1005 23598 38280 4978 1989 69120 168855 35884 172 5260 10975 0
-17.4 128 1950 2010 148 1011 23449 38030 5061 2008 69453 168717 35919 185 5232 11147 0
-17.3 109 1987 2068 149 999 23574 38001 5059 2056 69470 169279 35764 169 5251 10987 0
-17.2 124 1963 2031 150 992 23382 37992 5035 2028 69137 169336 35782 181 5174 10943 0
-17.1 116 1923 2002 153 1004 23472 37919 4958 2072 69378 169599 35615 183 5210 11146 0
-17.0 112 1955 1996 147 1002 23346 38090 4981 2030 69201 169507 35741 186 5122 11066 0
-16.9 128 1946 1999 154 1006 23374 38171 4971 2010 69526 169721 36046 170 5258 11178 0
-16.8 114 1892 1999 151 1010 23487 38156 5006 1991 69312 169624 35854 168 5268 10948 0
-16.7 124 1885 2049 154 1015 23417 37927 4905 2024 69286 169279 35733 182 5234 11025 0
-16.6 128 1918 2063 163 999 23504 38170 5089 2010 69321 169670 35778 178 5214 10962 0
-16.5 131 1963 2049 176 1028 23410 37897 4987 2047 69342 169582 35975 171 5211 11112 0
-16.4 131 1904 2004 153 992 23641 38060 5024 2066 69248 169382 35768 167 5245 11056 0
-16.3 134 1902 2021 154 994 23327 37914 4888 2045 68942 169368 35881 165 5184 11027 0
-16.2 134 1923 2015 154 1048 23544 37751 5098 2073 68863 169187 35878 178 5153 11039 0
-16.1 128 1918 2025 152 1033 23377 37663 5085 2056 68887 168728 35980 154 5120 11049 0
-16.0 124 1979 2048 154 1057 23346 37996 4986 2095 68940 168352 35800 175 5232 11000 0
-15.9 139 1897 1996 144 1051 23635 37580 4983 2097 68960 169005 35807 185 5212 11112 0
-15.8 130 1965 2000 147 1054 23369 37763 5049 2130 69300 168928 35817 207 5159 10898 0
-15.7 137 1916 1978 153 1026 23153 37983 5013 2067 69234 169162 35834 180 5234 11063 0
-15.6 128 1919 2019 159 1061 23305 37930 5087 2130 69324 169057 35681 180 5174 11030 0
-15.5 145 1951 2043 152 1054 23187 38027 5027 2123 69344 169051 35829 180 5107 10967 0
-15.4 146 1921 2053 156 1032 23467 38132 5028 2086 69313 169286 35652 180 5156 10966 0
-15.3 126 1918 2047 159 1004 23544 38227 5122 2088 69788 169063 35779 159 5116 11011 0
-15.2 141 1987 2045 165 1019 23250 38242 5030 2131 69161 169508 35852 174 5201 10986 0
-15.1 128 1938 2055 150 1030 23315 38021 5081 2113 69315 169054 35508 170 5140 11015 0
-15.0 127 1903 2036 153 1053 23445 38386 5049 2083 69365 168788 35704 169 5155 10989 0
-14.9 116 1965 2028 144 1013 23494 38175 5076 2110 69360 168240 35542 186 5092 10984 0
-14.8 110 1936 2001 147 1067 23550 37812 5075 2142 69438 168750 36083 177 5230 11024 0
-14.7 130 1952 1995 155 1030 23550 38190 5115 2147 69711 168263 36006 177 5177 10971 0
-14.6 124 1913 1962 146 1002 23717 38048 5060 2101 69373 168596 36056 172 5328 11023 0
-14.5 132 1912 2010 153 1014 23730 37927 5134 2128 69393 168488 35899 173 5183 10976 0
-14.4 140 1926 2008 163 1028 23603 38015 5083 2136 69680 168713 35820 185 5170 10822 0
-14.3 133 1977 2035 149 1007 23525 38247 5075 2125 69469 168244 35872 171 5186 10949 0
-14.2 127 1984 2074 149 1065 23836 38464 5044 2165 69681 168312 35383 181 5127 10992 0
-14.1 112 1921 2054 162 1085 23792 38254 5098 2132 69631 168243 35617 173 5199 11002 0
-14.0 124 1990 2065 166 1053 23767 38439 4957 2130 69591 168309 35376 176 5193 10980 0
-13.9 131 1940 2072 158 1083 23608 38500 5065 2121 69675 168243 35655 177 5171 10887 0
-13.8 125 1974 2094 156 1049 23686 38135 5061 2118 69833 167120 35344 174 5178 10730 0
-13.7 121 1966 2028 159 1059 23912 38368 5198 2157 69844 167161 35263 182 5213 10797 0
-13.6 127 1997 2077 159 1081 23803 38326 5044 2104 69815 166440 35468 177 5150 10909 0
-13.5 131 2008 2100 158 1114 23899 38070 5108 2148 69557 166358 35026 184 5176 10815 0
-13.4 124 1962 2073 154 1061 23751 38231 5074 2111 69596 166726 35209 184 5282 10858 0
-13.3 123 2015 2049 149 1095 23889 38123 5064 2196 69914 166620 35140 184 5223 10813 0
-13.2 120 2007 2104 147 1102 24033 37991 5161 2195 69708 166362 34918 188 5256 10825 0
-13.1 114 1952 2072 149 1083 24002 38263 5062 2238 69694 166300 34855 188 5287 10721 0
-13.0 122 2044 2056 163 1077 24040 38331 5011 2142 69652 165757 34821 185 5176 10760 0
-12.9 136 1966 2062 155 1042 24039 38412 5063 2198 69907 166134 34934 190 5162 10830 0
-12.8 139 1958 2105 153 1059 24024 38367 5067 2171 69935 165352 34955 171 5251 10753 0
-12.7 116 1998 2112 156 1048 23867 38256 5155 2147 69698 165765 34620 182 5165 10790 0
-12.6 123 1929 2137 159 1067 24241 38260 5083 2246 70020 164887 34683 177 5172 10812 0
-12.5 123 1926 2130 178 1055 24104 38256 5176 2223 69989 164876 34713 186 5142 10890 0
-12.4 133 2024 2144 163 1090 24132 38244 5091 2246 69762 164677 34759 182 5151 10721 0
-12.3 140 2007 2135 150 1076 23923 38110 5107 2241 69827 164462 34959 181 5210 10671 0
-12.2 145 1992 2102 149 1107 24169 38160 5061 2228 69733 164407 34585 173 5209 10692 0
-12.1 150 2009 2125 161 1128 24106 38175 5078 2280 69806 164251 34801 172 5177 10560 0
-12.0 144 2005 2149 151 1156 24343 38183 5048 2296 69903 164171 34499 206 5164 10561 0
-11.9 142 2003 2169 167 1143 24456 38346 5026 2347 69960 164069 34655 195 5239 10610 0
-11.8 132 2039 2172 166 1129 24496 38377 5084 2262 69842 164093 34697 189 5261 10622 0
-11.7 142 2040 2200 167 1177 24391 38154 5059 2350 69984 163743 34556 208 5289 10593 0
-11.6 145 2046 2180 165 1155 24284 38571 5082 2327 70427 163165 34471 201 5184 10641 0
-11.5 145 2065 2167 166 1159 24638 38432 5176 2343 70334 163546 34309 212 5284 10492 0
-11.4 142 2094 2211 168 1173 24491 38460 5097 2366 70553 163315 34377 210 5208 10596 0
-11.3 148 2026 2245 169 1162 24492 38444 5110 2380 70498 163184 34292 189 5224 10583 0
-11.2 146 2044 2201 188 1188 24682 38597 5129 2372 70596 162816 34196 217 5196 10461 0
-11.1 149 2101 2250 177 1193 24849 38768 5122 2387 70715 162564 34052 210 5233 10631 0
-11.0 150 2074 2165 184 1194 24933 38574 5089 2398 70685 162163 33866 208 5205 10610 0
-10.9 145 2123 2234 187 1222 25026 38632 5070 2445 70323 161646 33951 208 5228 10596 0
-10.8 150 2123 2209 201 1198 24772 38548 5138 2435 70235 161202 33538 196 5194 10504 0
-10.7 176 2160 2171 184 1240 24763 38610 5094 2439 70317 160964 33634 199 5172 10466 0
-10.6 162 2107 2210 184 1267 24926 38409 5163 2466 70298 160740 33751 192 5260 10409 0
-10.5 160 2144 2252 172 1258 25097 38260 5059 2502 70251 160481 33615 204 5196 10542 0
-10.4 169 2221 2266 171 1283 25052 38332 5099 2485 70541 160342 33633 215 5230 10426 0
-10.3 171 2213 2282 188 1282 24847 38401 5028 2507 70308 159891 33574 208 5144 10423 0
-10.2 159 2231 2280 173 1251 25128 37995 5012 2526 70987 159797 33340 216 5162 10338 0
-10.1 161 2241 2243 184 1334 24964 38390 5053 2557 70793 160071 33576 193 5105 10296 0
-10.0 160 2276 2311 174 1300 25199 38000 5031 2586 70949 160238 33428 207 5106 10304 0
-9.9 165 2222 2321 194 1327 24940 38218 5022 2605 70876 160028 33299 228 5203 10358 0
-9.8 163 2219 2287 185 1340 24906 37931 4982 2683 71136 159255 33365 202 5146 10265 0
-9.7 164 2263 2242 177 1340 24962 37719 5031 2714 71079 159347 33308 201 5200 10281 0
-9.6 174 2228 2228 176 1370 25053 37825 4901 2715 71298 159312 33055 229 5171 10265 0
-9.5 162 2277 2262 157 1356 24932 37600 4935 2720 71256 158884 33130 228 5214 10208 0
-9.4 176 2273 2211 165 1364 24979 37318 4871 2725 71416 158762 32970 214 5141 10296 0
-9.3 187 2228 2209 172 1410 25042 37288 4850 2749 71705 158128 32612 233 5231 10272 0
-9.2 177 2236 2228 163 1427 24976 37096 4835 2784 71920 157748 32705 209 5188 10056 0
-9.1 177 2281 2239 169 1399 24991 37015 4789 2803 72001 156937 32616 214 5324 10144 0
-9.0 186 2245 2199 163 1387 24942 36977 4770 2823 72039 156851 32458 232 5204 10142 0
-8.9 185 2261 2169 177 1404 25232 37028 4893 2736 72351 156684 32531 226 5214 10099 0
-8.8 185 2236 2146 163 1428 25321 37022 4836 2806 72676 156098 32213 224 5291 9903 0
-8.7 193 2247 2169 171 1426 25297 37039 4819 2839 72892 156266 32063 227 5348 10015 0
-8.6 187 2262 2196 176 1429 25372 36842 4791 2901 72969 155350 32133 250 5325 10077 0
-8.5 190 2259 2161 171 1482 25324 36456 4763 2905 73245 155783 31949 249 5338 9909 0
-8.4 192 2318 2178 149 1464 25390 36617 4656 2962 73325 155372 31769 237 5338 10040 0
-8.3 186 2308 2227 169 1506 25480 36827 4666 3005 73157 154752 31616 251 5323 9877 0
-8.2 179 2238 2220 157 1527 25556 36709 4694 3108 73479 154070 31383 240 5317 9915 0
-8.1 178 2315 2120 167 1559 25801 36630 4765 3081 73529 153807 31397 251 5384 9828 0
-8.0 204 2208 2151 165 1520 25865 36609 4775 3094 73661 153042 31315 261 5394 9730 0
-7.9 193 2272 2157 164 1572 25753 36509 4720 3124 73511 152805 31369 248 5331 9860 0
-7.8 204 2254 2129 166 1588 25791 36342 4726 3139 73905 152725 31023 257 5424 9662 0
-7.7 202 2281 2112 171 1635 25913 36125 4662 3188 74221 152263 31003 273 5405 9789 0
-7.6 216 2301 2147 167 1626 25896 36196 4655 3237 73934 151321 30724 271 5319 9671 0
-7.5 213 2330 2183 166 1644 26100 36378 4609 3239 74103 151327 31040 275 5410 9813 0
-7.4 222 2344 2159 168 1684 26214 36363 4644 3379 74561 151093 30730 262 5355 9624 0
-7.3 239 2357 2210 160 1762 26402 36223 4744 3338 74725 151087 30664 239 5421 9576 0
-7.2 240 2440 2219 167 1763 26519 36578 4622 3361 74796 150454 30308 275 5316 9594 0
-7.1 234 2395 2225 171 1819 26989 36564 4667 3447 74732 149943 30258 258 5419 9535 0
-7.0 245 2428 2285 172 1806 26817 36754 4602 3491 74901 149247 30101 275 5368 9444 0
-6.9 241 2529 2245 177 1823 27240 36828 4630 3572 74998 148720 29959 291 5309 9532 0
-6.8 250 2542 2308 173 1902 27463 37161 4656 3530 75532 147828 29506 286 5349 9449 0
-6.7 266 2505 2289 181 1936 27479 37278 4695 3644 75194 147908 29480 300 5347 9482 0
-6.6 259 2547 2382 190 1929 27590 37658 4740 3624 75012 147412 29321 299 5232 9438 0
-6.5 247 2515 2300 175 1933 27824 37398 4751 3691 74909 146402 29138 276 5336 9395 0
-6.4 273 2555 2349 182 2011 28019 37771 4806 3678 75053 146052 28903 281 5282 9337 0
-6.3 262 2606 2409 170 1951 28039 38150 4889 3652 74693 145373 28848 285 5337 9259 0
-6.2 260 2758 2447 186 1981 28226 38056 4826 3747 74330 145290 28625 314 5281 9333 0
-6.1 272 2737 2486 191 2039 28500 38383 4856 3733 74406 144490 28644 295 5342 9143 0
-6.0 292 2787 2454 190 2087 28683 38624 4899 3757 73954 143653 28426 295 5217 9138 0
-5.9 285 2873 2533 185 2072 28922 38575 4851 3757 73639 142720 28160 293 5235 9074 0
-5.8 287 2847 2620 188 2129 28874 38796 4869 3783 73335 141866 28185 286 5221 9021 0
-5.7 293 2960 2660 175 2170 29073 39074 5002 3678 72948 141412 27934 286 5145 9062 0
-5.6 298 2942 2697 184 2106 29381 39449 5077 3780 72496 140751 27847 288 5158 8919 0
-5.5 321 3040 2724 210 2105 29586 40018 5134 3759 72767 140268 27410 301 5133 8943 0
-5.4 304 3066 2818 197 2143 29655 39881 5093 3739 71848 139427 27501 279 5134 8920 0
-5.3 317 3117 2858 220 2093 29779 40161 5084 3712 71687 138897 27193 296 5105 8835 0
-5.2 298 3069 2836 219 2075 29772 40464 5149 3710 71943 137937 27097 297 5126 8726 0
-5.1 319 3128 2974 211 2126 29821 40728 5133 3702 70873 138180 26773 284 5065 8753 0
-5.0 336 3138 2948 229 2117 29952 40938 5140 3707 70650 136622 26567 292 5044 8684 0
-4.9 314 3135 3074 227 2120 30203 40979 5205 3603 70093 136123 26487 279 4989 8600 0
-4.8 319 3232 3097 228 2151 30088 41460 5100 3603 69695 135638 26124 276 4904 8544 0
-4.7 325 3294 3206 223 2122 30335 41807 5178 3515 69145 135521 26111 257 4932 8591 0
-4.6 311 3282 3128 241 2099 30428 42124 5226 3456 68730 134307 25815 271 4824 8513 0
-4.5 332 3389 3227 249 2061 30463 42532 5234 3342 68353 133729 25751 255 4774 8410 0
-4.4 342 3423 3279 241 2034 30788 42652 5260 3335 67462 133346 25587 268 4833 8360 0
-4.3 338 3439 3364 243 2025 30637 42972 5330 3286 67233 132406 25303 255 4670 8294 0
-4.2 329 3524 3442 249 2004 30896 43173 5328 3202 66636 131625 24848 258 4684 8233 0
-4.1 316 3602 3478 253 2061 31144 43483 5361 3152 65844 130786 24659 258 4657 8033 0
-4.0 302 3589 3496 250 2010 31258 43744 5350 3072 65746 130304 24394 233 4581 8119 0
-3.9 321 3662 3600 251 2012 31265 44245 5409 2997 65317 129718 24047 244 4501 8005 0
-3.8 314 3811 3668 248 1952 31609 44755 5431 2866 64542 129027 23904 224 4511 7847 0
-3.7 354 3815 3753 249 1889 31944 44928 5392 2869 64227 128095 23432 228 4364 7858 0
-3.6 356 3811 3727 263 1919 32059 45322 5425 2833 63968 127217 23285 235 4406 7659 0
-3.5 371 4008 3865 246 1937 32363 45749 5428 2807 63416 126283 22888 213 4287 7526 0
-3.4 353 4054 3888 269 1922 32474 46254 5404 2750 62965 125952 22345 195 4215 7454 0
-3.3 351 4161 3972 267 1921 32907 46539 5382 2782 62964 124895 22337 203 4080 7344 0
-3.2 335 4342 4071 276 1849 33293 46914 5388 2623 62802 124683 21904 200 4094 7194 0
-3.1 342 4417 4136 259 1897 33703 47656 5320 2570 62599 124121 21430 197 4002 6959 0
-3.0 359 4437 4248 268 1861 34486 47917 5296 2524 62181 123672 21405 191 3918 6875 0
-2.9 342 4798 4373 271 1908 34832 48601 5312 2435 62250 123096 20976 171 3885 6740 0
-2.8 371 4859 4461 274 1849 35616 49113 5194 2383 62122 122022 20569 178 3771 6616 0
-2.7 370 5090 4623 275 1857 36626 49648 5268 2326 62049 121213 20033 163 3747 6404 0
-2.6 369 5333 4752 281 1855 37095 50641 5261 2265 61802 120123 19948 176 3586 6301 0
-2.5 361 5544 4943 265 1869 37693 51070 5214 2238 61432 118816 19210 159 3540 6104 0
-2.4 380 5785 5078 279 1837 39170 51473 5176 2116 61712 117404 18605 152 3412 5891 0
-2.3 416 5971 5218 269 1908 39759 52025 5109 2118 61781 116052 18332 139 3368 5667 0
-2.2 402 6291 5264 274 1878 40796 52428 5051 2057 61423 114408 17610 126 3315 5549 0
-2.1 395 6561 5429 278 1907 41682 53058 4964 2019 61504 112093 17067 131 3228 5387 0
-2.0 430 6854 5662 268 1906 42597 53263 4972 1949 61589 109770 16587 128 3181 5104 0
-1.9 455 7169 5861 278 1942 43428 53826 4830 1924 61178 107764 16019 125 3019 4973 0
-1.8 469 7378 5938 281 1973 44285 54044 4778 1899 60723 105583 15321 115 3012 4787 0
-1.7 452 7826 5970 260 1968 45245 53970 4662 1825 60288 102843 14766 107 2840 4613 0
-1.6 486 8185 6121 277 2004 45851 53846 4448 1786 59574 99875 14042 105 2820 4318 0
-1.5 549 8421 6258 257 2007 46550 53865 4312 1697 58948 96828 13312 98 2626 4133 0
-1.4 555 8774 6380 244 2045 47602 53673 4267 1684 58153 93234 12562 91 2586 3962 0
-1.3 539 9081 6373 254 2021 47865 53609 4162 1630 56787 90347 11819 91 2468 3798 0
-1.2 565 9338 6377 245 2041 48347 53113 4048 1596 55731 86322 11114 83 2425 3553 0
-1.1 599 9534 6458 224 2030 48728 52501 3954 1480 54818 82473 10471 86 2272 3301 0
-1.0 582 9762 6486 218 1986 49370 51906 3641 1411 53332 78452 9610 69 2207 3108 0
-0.9 626 10053 6534 228 1976 49511 51025 3552 1384 51716 74464 9011 69 2054 2959 0
-0.8 633 10259 6591 224 1975 49606 50201 3450 1353 49880 70291 8438 57 1930 2718 0
-0.7 654 10415 6523 210 1979 49258 49546 3266 1260 47890 66058 7602 58 1817 2508 0
-0.6 632 10549 6527 206 1944 48741 48272 3097 1205 46067 62167 7063 63 1731 2318 0
-0.5 644 10673 6396 177 1918 48619 47096 2928 1199 43778 57692 6493 56 1565 2076 0
-0.4 661 10796 6260 204 1866 48312 45761 2868 1170 42027 53646 5917 46 1472 1950 0
-0.3 681 10918 6253 182 1842 47504 44027 2650 1092 39924 49916 5342 47 1397 1786 0
-0.2 688 10998 6069 162 1820 46764 42961 2457 1046 37916 45627 4832 44 1328 1619 0
-0.1 706 11033 5957 144 1828 45810 41095 2368 961 35357 41585 4281 37 1175 1442 0
0.0 699 11124 5814 139 1798 44565 39355 2146 891 33203 38229 3859 32 1037 1274 0
0.1 706 10847 5595 140 1702 43177 37468 2015 850 30841 34403 3376 33 1025 1183 0
0.2 698 10758 5421 118 1714 42098 35794 1890 809 28917 31229 2950 32 902 1056 0
0.3 700 10643 5195 109 1590 40788 33998 1727 742 26606 28145 2594 25 791 950 0
0.4 682 10415 5119 113 1563 39581 31854 1592 644 24519 24948 2269 26 726 827 0
0.5 662 10293 4861 90 1523 37855 30328 1430 588 22411 22118 1945 20 644 708 0
0.6 615 9939 4574 96 1433 36123 28167 1324 549 20430 19727 1687 17 591 631 0
0.7 639 9648 4360 89 1402 34552 26577 1224 509 18467 17386 1454 16 532 557 0
0.8 591 9271 4092 70 1306 32792 24681 1073 447 16856 15219 1266 12 464 467 0
0.9 590 8962 3855 60 1260 31180 22825 925 415 15011 13420 1066 13 422 426 0
1.0 562 8589 3511 61 1185 29416 21178 835 382 13606 11440 890 12 390 354 0
1.1 534 8180 3340 44 1092 27572 19308 751 338 12048 9859 721 9 317 312 0
1.2 529 7830 3050 37 1067 26085 17823 691 295 10669 8415 608 8 281 238 0
1.3 518 7494 2782 32 1008 24268 16387 604 288 9493 7263 502 7 230 224 0
1.4 474 6997 2540 29 958 22466 14768 539 245 8238 6123 441 7 211 183 0
1.5 474 6595 2293 25 877 20780 13420 472 210 7246 5155 367 4 183 159 0
1.6 458 6284 2097 22 839 19148 12018 424 210 6245 4317 287 6 147 126 0
1.7 456 5857 1876 12 765 17336 10805 378 176 5437 3614 234 4 136 98 0
1.8 416 5493 1733 17 664 15961 9681 307 139 4602 3004 196 4 101 90 0
1.9 389 5059 1606 16 630 14521 8670 280 130 3962 2519 163 3 92 73 0
2.0 375 4619 1334 12 589 13018 7449 213 107 3386 2035 135 4 83 52 0
2.1 366 4222 1175 11 567 11646 6564 192 100 2850 1691 100 1 61 43 0
2.2 332 3942 1012 9 502 10364 5732 154 84 2351 1359 79 3 45 39 0
2.3 335 3599 890 8 436 9257 4970 126 74 1962 1102 58 1 46 34 0
2.4 300 3284 771 10 400 8267 4307 112 67 1675 904 40 1 43 28 0
2.5 275 2970 690 4 349 7287 3794 80 50 1422 735 40 0 32 20 0
2.6 248 2700 560 5 321 6505 3190 80 43 1162 582 36 1 20 11 0
2.7 243 2426 494 6 289 5881 2791 52 35 977 467 21 0 21 15 0
2.8 205 2188 453 4 275 5116 2266 52 32 782 381 13 0 16 7 0
2.9 185 1940 342 1 250 4457 1939 40 30 639 294 12 1 13 8 0
3.0 156 1778 293 2 232 3838 1598 35 26 529 233 6 1 11 4 0
3.1 164 1608 245 1 196 3385 1323 29 21 436 176 6 0 8 5 0
3.2 135 1381 216 0 189 2858 1087 21 17 311 131 6 0 7 3 0
3.3 122 1247 177 0 154 2449 908 14 14 248 90 3 0 4 2 0
3.4 110 1120 143 0 121 2080 725 10 12 202 76 3 0 4 1 0
3.5 89 994 127 1 111 1791 615 11 8 154 55 3 0 2 2 0
3.6 87 877 100 0 100 1482 469 9 6 118 46 1 0 3 1 0
3.7 76 769 82 0 81 1265 383 5 5 94 30 1 0 1 0 0
3.8 62 680 69 0 60 1122 309 5 5 73 29 1 0 0 0 0
3.9 63 596 67 0 58 920 242 3 3 50 18 0 0 0 0 0
4.0 49 492 46 0 51 741 205 2 2 36 18 0 0 0 0 0
4.1 38 438 39 0 45 650 146 2 1 27 11 0 0 0 0 0
4.2 35 377 29 0 41 521 108 0 2 23 8 0 0 0 0 0
4.3 41 309 23 0 39 467 75 0 1 13 5 0 0 0 0 0
4.4 33 259 16 0 24 344 63 1 2 11 2 0 0 0 0 0
4.5 24 222 12 0 23 299 52 1 1 6 2 0 0 0 0 0
4.6 31 193 11 0 18 220 40 0 1 3 1 0 0 0 0 0
4.7 20 173 10 0 20 184 32 0 1 3 1 0 0 0 0 0
4.8 21 144 9 0 13 154 26 0 1 3 1 0 0 0 0 0
4.9 15 130 7 0 12 122 20 0 1 2 0 0 0 0 0 0
5.0 15 112 4 0 6 96 18 0 0 0 0 0 0 0 0 0
5.1 15 92 5 0 9 81 15 0 0 0 0 0 0 0 0 0
5.2 14 85 2 0 5 64 10 0 0 0 0 0 0 0 0 0
5.3 16 69 4 0 5 64 8 0 0 1 0 0 0 0 0 0
5.4 10 59 3 0 4 48 7 0 0 0 0 0 0 0 0 0
5.5 9 56 3 0 3 45 5 0 0 0 0 0 0 0 0 0
5.6 11 40 1 0 2 28 3 0 0 0 0 0 0 0 0 0
5.7 8 38 1 0 2 21 2 0 0 0 0 0 0 0 0 0
5.8 6 36 0 0 1 17 2 0 0 0 0 0 0 0 0 0
5.9 6 34 0 0 1 11 0 0 0 0 0 0 0 0 0 0
6.0 5 32 0 0 1 11 0 0 0 0 0 0 0 0 0 0
6.1 3 30 0 0 0 6 0 0 0 0 0 0 0 0 0 0
6.2 5 32 0 0 1 5 0 0 0 0 0 0 0 0 0 0
6.3 3 24 0 0 0 4 0 0 0 0 0 0 0 0 0 0
6.4 2 17 0 0 0 2 0 0 0 0 0 0 0 0 0 0
6.5 2 18 0 0 0 1 0 0 0 0 0 0 0 0 0 0
6.6 2 10 0 0 0 0 0 0 0 0 0 0 0 0 0 0
6.7 0 12 0 0 0 1 0 0 0 0 0 0 0 0 0 0
6.8 1 6 0 0 0 0 0 0 0 0 0 0 0 0 0 0
6.9 0 2 0 0 0 0 0 0 0 0 0 0 0 0 0 0
7.0 1 2 0 0 0 0 0 0 0 0 0 0 0 0 0 0
7.1 0 3 0 0 0 0 0 0 0 0 0 0 0 0 0 0
7.2 1 1 0 0 0 0 0 0 0 0 0 0 0 0 0 0
7.3 0 2 0 0 0 0 0 0 0 0 0 0 0 0 0 0
7.4 0 2 0 0 0 0 0 0 0 0 0 0 0 0 0 0
7.5 0 0 0 0 0 0 0 0 0 0 0 0 0 0 0 0
7.6 0 0 0 0 0 0 0 0 0 0 0 0 0 0 0 0
7.7 0 0 0 0 0 0 0 0 0 0 0 0 0 0 0 0
7.8 0 0 0 0 0 0 0 0 0 0 0 0 0 0 0 0
7.9 0 0 0 0 0 0 0 0 0 0 0 0 0 0 0 0
8.0 0 0 0 0 0 0 0 0 0 0 0 0 0 0 0 0
8.1 0 0 0 0 0 0 0 0 0 0 0 0 0 0 0 0
8.2 0 0 0 0 0 0 0 0 0 0 0 0 0 0 0 0
8.3 0 0 0 0 0 0 0 0 0 0 0 0 0 0 0 0
8.4 0 0 0 0 0 0 0 0 0 0 0 0 0 0 0 0
8.5 0 0 0 0 0 0 0 0 0 0 0 0 0 0 0 0
8.6 0 0 0 0 0 0 0 0 0 0 0 0 0 0 0 0
8.7 0 0 0 0 0 0 0 0 0 0 0 0 0 0 0 0
8.8 0 0 0 0 0 0 0 0 0 0 0 0 0 0 0 0
8.9 0 0 0 0 0 0 0 0 0 0 0 0 0 0 0 0
9.0 0 0 0 0 0 0 0 0 0 0 0 0 0 0 0 0
9.1 0 0 0 0 0 0 0 0 0 0 0 0 0 0 0 0
9.2 0 0 0 0 0 0 0 0 0 0 0 0 0 0 0 0
9.3 0 0 0 0 0 0 0 0 0 0 0 0 0 0 0 0
9.4 0 0 0 0 0 0 0 0 0 0 0 0 0 0 0 0
9.5 0 0 0 0 0 0 0 0 0 0 0 0 0 0 0 0
9.6 0 0 0 0 0 0 0 0 0 0 0 0 0 0 0 0
9.7 0 0 0 0 0 0 0 0 0 0 0 0 0 0 0 0
9.8 0 0 0 0 0 0 0 0 0 0 0 0 0 0 0 0
9.9 0 0 0 0 0 0 0 0 0 0 0 0 0 0 0 0
10.0 0 0 0 0 0 0 0 0 0 0 0 0 0 0 0 0
10.1 0 0 0 0 0 0 0 0 0 0 0 0 0 0 0 0
10.2 0 0 0 0 0 0 0 0 0 0 0 0 0 0 0 0
10.3 0 0 0 0 0 0 0 0 0 0 0 0 0 0 0 0
10.4 0 0 0 0 0 0 0 0 0 0 0 0 0 0 0 0
10.5 0 0 0 0 0 0 0 0 0 0 0 0 0 0 0 0
10.6 0 0 0 0 0 0 0 0 0 0 0 0 0 0 0 0
10.7 0 0 0 0 0 0 0 0 0 0 0 0 0 0 0 0
10.8 0 0 0 0 0 0 0 0 0 0 0 0 0 0 0 0
10.9 0 0 0 0 0 0 0 0 0 0 0 0 0 0 0 0
11.0 0 0 0 0 0 0 0 0 0 0 0 0 0 0 0 0
11.1 0 0 0 0 0 0 0 0 0 0 0 0 0 0 0 0
11.2 0 0 0 0 0 0 0 0 0 0 0 0 0 0 0 0
11.3 0 0 0 0 0 0 0 0 0 0 0 0 0 0 0 0
11.4 0 0 0 0 0 0 0 0 0 0 0 0 0 0 0 0
11.5 0 0 0 0 0 0 0 0 0 0 0 0 0 0 0 0
11.6 0 0 0 0 0 0 0 0 0 0 0 0 0 0 0 0
11.7 0 0 0 0 0 0 0 0 0 0 0 0 0 0 0 0
11.8 0 0 0 0 0 0 0 0 0 0 0 0 0 0 0 0
11.9 0 0 0 0 0 0 0 0 0 0 0 0 0 0 0 0
12.0 0 0 0 0 0 0 0 0 0 0 0 0 0 0 0 0
12.1 0 0 0 0 0 0 0 0 0 0 0 0 0 0 0 0
12.2 0 0 0 0 0 0 0 0 0 0 0 0 0 0 0 0
12.3 0 0 0 0 0 0 0 0 0 0 0 0 0 0 0 0
12.4 0 0 0 0 0 0 0 0 0 0 0 0 0 0 0 0
12.5 0 0 0 0 0 0 0 0 0 0 0 0 0 0 0 0
12.6 0 0 0 0 0 0 0 0 0 0 0 0 0 0 0 0
12.7 0 0 0 0 0 0 0 0 0 0 0 0 0 0 0 0
12.8 0 0 0 0 0 0 0 0 0 0 0 0 0 0 0 0
12.9 0 0 0 0 0 0 0 0 0 0 0 0 0 0 0 0
13.0 0 0 0 0 0 0 0 0 0 0 0 0 0 0 0 0
13.1 0 0 0 0 0 0 0 0 0 0 0 0 0 0 0 0
13.2 0 0 0 0 0 0 0 0 0 0 0 0 0 0 0 0
13.3 0 0 0 0 0 0 0 0 0 0 0 0 0 0 0 0
13.4 0 0 0 0 0 0 0 0 0 0 0 0 0 0 0 0
13.5 0 0 0 0 0 0 0 0 0 0 0 0 0 0 0 0
13.6 0 0 0 0 0 0 0 0 0 0 0 0 0 0 0 0
13.7 0 0 0 0 0 0 0 0 0 0 0 0 0 0 0 0
13.8 0 0 0 0 0 0 0 0 0 0 0 0 0 0 0 0
13.9 0 0 0 0 0 0 0 0 0 0 0 0 0 0 0 0
14.0 0 0 0 0 0 0 0 0 0 0 0 0 0 0 0 0
14.1 0 0 0 0 0 0 0 0 0 0 0 0 0 0 0 0
14.2 0 0 0 0 0 0 0 0 0 0 0 0 0 0 0 0
14.3 0 0 0 0 0 0 0 0 0 0 0 0 0 0 0 0
14.4 0 0 0 0 0 0 0 0 0 0 0 0 0 0 0 0
14.5 0 0 0 0 0 0 0 0 0 0 0 0 0 0 0 0
14.6 0 0 0 0 0 0 0 0 0 0 0 0 0 0 0 0
14.7 0 0 0 0 0 0 0 0 0 0 0 0 0 0 0 0
14.8 0 0 0 0 0 0 0 0 0 0 0 0 0 0 0 0
14.9 0 0 0 0 0 0 0 0 0 0 0 0 0 0 0 0
15.0 0 0 0 0 0 0 0 0 0 0 0 0 0 0 0 0
15.1 0 0 0 0 0 0 0 0 0 0 0 0 0 0 0 0
15.2 0 0 0 0 0 0 0 0 0 0 0 0 0 0 0 0
15.3 0 0 0 0 0 0 0 0 0 0 0 0 0 0 0 0
15.4 0 0 0 0 0 0 0 0 0 0 0 0 0 0 0 0
15.5 0 0 0 0 0 0 0 0 0 0 0 0 0 0 0 0
15.6 0 0 0 0 0 0 0 0 0 0 0 0 0 0 0 0
15.7 0 0 0 0 0 0 0 0 0 0 0 0 0 0 0 0
15.8 0 0 0 0 0 0 0 0 0 0 0 0 0 0 0 0
15.9 0 0 0 0 0 0 0 0 0 0 0 0 0 0 0 0
16.0 0 0 0 0 0 0 0 0 0 0 0 0 0 0 0 0
16.1 0 0 0 0 0 0 0 0 0 0 0 0 0 0 0 0
16.2 0 0 0 0 0 0 0 0 0 0 0 0 0 0 0 0
16.3 0 0 0 0 0 0 0 0 0 0 0 0 0 0 0 0
16.4 0 0 0 0 0 0 0 0 0 0 0 0 0 0 0 0
16.5 0 0 0 0 0 0 0 0 0 0 0 0 0 0 0 0
16.6 0 0 0 0 0 0 0 0 0 0 0 0 0 0 0 0
16.7 0 0 0 0 0 0 0 0 0 0 0 0 0 0 0 0
16.8 0 0 0 0 0 0 0 0 0 0 0 0 0 0 0 0
16.9 0 0 0 0 0 0 0 0 0 0 0 0 0 0 0 0
17.0 0 0 0 0 0 0 0 0 0 0 0 0 0 0 0 0
17.1 0 0 0 0 0 0 0 0 0 0 0 0 0 0 0 0
17.2 0 0 0 0 0 0 0 0 0 0 0 0 0 0 0 0
17.3 0 0 0 0 0 0 0 0 0 0 0 0 0 0 0 0
17.4 0 0 0 0 0 0 0 0 0 0 0 0 0 0 0 0
17.5 0 0 0 0 0 0 0 0 0 0 0 0 0 0 0 0
17.6 0 0 0 0 0 0 0 0 0 0 0 0 0 0 0 0
17.7 0 0 0 0 0 0 0 0 0 0 0 0 0 0 0 0
17.8 0 0 0 0 0 0 0 0 0 0 0 0 0 0 0 0
17.9 0 0 0 0 0 0 0 0 0 0 0 0 0 0 0 0
18.0 0 0 0 0 0 0 0 0 0 0 0 0 0 0 0 0
18.1 0 0 0 0 0 0 0 0 0 0 0 0 0 0 0 0
18.2 0 0 0 0 0 0 0 0 0 0 0 0 0 0 0 0
18.3 0 0 0 0 0 0 0 0 0 0 0 0 0 0 0 0
18.4 0 0 0 0 0 0 0 0 0 0 0 0 0 0 0 0
18.5 0 0 0 0 0 0 0 0 0 0 0 0 0 0 0 0
18.6 0 0 0 0 0 0 0 0 0 0 0 0 0 0 0 0
18.7 0 0 0 0 0 0 0 0 0 0 0 0 0 0 0 0
18.8 0 0 0 0 0 0 0 0 0 0 0 0 0 0 0 0
18.9 0 0 0 0 0 0 0 0 0 0 0 0 0 0 0 0
19.0 0 0 0 0 0 0 0 0 0 0 0 0 0 0 0 0
19.1 0 0 0 0 0 0 0 0 0 0 0 0 0 0 0 0
19.2 0 0 0 0 0 0 0 0 0 0 0 0 0 0 0 0
19.3 0 0 0 0 0 0 0 0 0 0 0 0 0 0 0 0
19.4 0 0 0 0 0 0 0 0 0 0 0 0 0 0 0 0
19.5 0 0 0 0 0 0 0 0 0 0 0 0 0 0 0 0
19.6 0 0 0 0 0 0 0 0 0 0 0 0 0 0 0 0
19.7 0 0 0 0 0 0 0 0 0 0 0 0 0 0 0 0
19.8 0 0 0 0 0 0 0 0 0 0 0 0 0 0 0 0
19.9 0 0 0 0 0 0 0 0 0 0 0 0 0 0 0 0
20.0 0 0 0 0 0 0 0 0 0 0 0 0 0 0 0 0
20.1 0 0 0 0 0 0 0 0 0 0 0 0 0 0 0 0
20.2 0 0 0 0 0 0 0 0 0 0 0 0 0 0 0 0
20.3 0 0 0 0 0 0 0 0 0 0 0 0 0 0 0 0
20.4 0 0 0 0 0 0 0 0 0 0 0 0 0 0 0 0
20.5 0 0 0 0 0 0 0 0 0 0 0 0 0 0 0 0
20.6 0 0 0 0 0 0 0 0 0 0 0 0 0 0 0 0
20.7 0 0 0 0 0 0 0 0 0 0 0 0 0 0 0 0
20.8 0 0 0 0 0 0 0 0 0 0 0 0 0 0 0 0
20.9 0 0 0 0 0 0 0 0 0 0 0 0 0 0 0 0
21.0 0 0 0 0 0 0 0 0 0 0 0 0 0 0 0 0
21.1 0 0 0 0 0 0 0 0 0 0 0 0 0 0 0 0
21.2 0 0 0 0 0 0 0 0 0 0 0 0 0 0 0 0
21.3 0 0 0 0 0 0 0 0 0 0 0 0 0 0 0 0
21.4 0 0 0 0 0 0 0 0 0 0 0 0 0 0 0 0
21.5 0 0 0 0 0 0 0 0 0 0 0 0 0 0 0 0
21.6 0 0 0 0 0 0 0 0 0 0 0 0 0 0 0 0
21.7 0 0 0 0 0 0 0 0 0 0 0 0 0 0 0 0
21.8 0 0 0 0 0 0 0 0 0 0 0 0 0 0 0 0
21.9 0 0 0 0 0 0 0 0 0 0 0 0 0 0 0 0
22.0 0 0 0 0 0 0 0 0 0 0 0 0 0 0 0 0
22.1 0 0 0 0 0 0 0 0 0 0 0 0 0 0 0 0
22.2 0 0 0 0 0 0 0 0 0 0 0 0 0 0 0 0
22.3 0 0 0 0 0 0 0 0 0 0 0 0 0 0 0 0
22.4 0 0 0 0 0 0 0 0 0 0 0 0 0 0 0 0
22.5 0 0 0 0 0 0 0 0 0 0 0 0 0 0 0 0
22.6 0 0 0 0 0 0 0 0 0 0 0 0 0 0 0 0
22.7 0 0 0 0 0 0 0 0 0 0 0 0 0 0 0 0
22.8 0 0 0 0 0 0 0 0 0 0 0 0 0 0 0 0
22.9 0 0 0 0 0 0 0 0 0 0 0 0 0 0 0 0
23.0 0 0 0 0 0 0 0 0 0 0 0 0 0 0 0 0
23.1 0 0 0 0 0 0 0 0 0 0 0 0 0 0 0 0
23.2 0 0 0 0 0 0 0 0 0 0 0 0 0 0 0 0
23.3 0 0 0 0 0 0 0 0 0 0 0 0 0 0 0 0
23.4 0 0 0 0 0 0 0 0 0 0 0 0 0 0 0 0
23.5 0 0 0 0 0 0 0 0 0 0 0 0 0 0 0 0
23.6 0 0 0 0 0 0 0 0 0 0 0 0 0 0 0 0
23.7 0 0 0 0 0 0 0 0 0 0 0 0 0 0 0 0
23.8 0 0 0 0 0 0 0 0 0 0 0 0 0 0 0 0
23.9 0 0 0 0 0 0 0 0 0 0 0 0 0 0 0 0
24.0 0 0 0 0 0 0 0 0 0 0 0 0 0 0 0 0
24.1 0 0 0 0 0 0 0 0 0 0 0 0 0 0 0 0
24.2 0 0 0 0 0 0 0 0 0 0 0 0 0 0 0 0
24.3 0 0 0 0 0 0 0 0 0 0 0 0 0 0 0 0
24.4 0 0 0 0 0 0 0 0 0 0 0 0 0 0 0 0
24.5 0 0 0 0 0 0 0 0 0 0 0 0 0 0 0 0
24.6 0 0 0 0 0 0 0 0 0 0 0 0 0 0 0 0
24.7 0 0 0 0 0 0 0 0 0 0 0 0 0 0 0 0
24.8 0 0 0 0 0 0 0 0 0 0 0 0 0 0 0 0
24.9 0 0 0 0 0 0 0 0 0 0 0 0 0 0 0 0
25.0 0 0 0 0 0 0 0 0 0 0 0 0 0 0 0 0
25.1 0 0 0 0 0 0 0 0 0 0 0 0 0 0 0 0
25.2 0 0 0 0 0 0 0 0 0 0 0 0 0 0 0 0
25.3 0 0 0 0 0 0 0 0 0 0 0 0 0 0 0 0
25.4 0 0 0 0 0 0 0 0 0 0 0 0 0 0 0 0
25.5 0 0 0 0 0 0 0 0 0 0 0 0 0 0 0 0
25.6 0 0 0 0 0 0 0 0 0 0 0 0 0 0 0 0
25.7 0 0 0 0 0 0 0 0 0 0 0 0 0 0 0 0
25.8 0 0 0 0 0 0 0 0 0 0 0 0 0 0 0 0
25.9 0 0 0 0 0 0 0 0 0 0 0 0 0 0 0 0
26.0 0 0 0 0 0 0 0 0 0 0 0 0 0 0 0 0
26.1 0 0 0 0 0 0 0 0 0 0 0 0 0 0 0 0
26.2 0 0 0 0 0 0 0 0 0 0 0 0 0 0 0 0
26.3 0 0 0 0 0 0 0 0 0 0 0 0 0 0 0 0
26.4 0 0 0 0 0 0 0 0 0 0 0 0 0 0 0 0
26.5 0 0 0 0 0 0 0 0 0 0 0 0 0 0 0 0
26.6 0 0 0 0 0 0 0 0 0 0 0 0 0 0 0 0
26.7 0 0 0 0 0 0 0 0 0 0 0 0 0 0 0 0
26.8 0 0 0 0 0 0 0 0 0 0 0 0 0 0 0 0
26.9 0 0 0 0 0 0 0 0 0 0 0 0 0 0 0 0
27.0 0 0 0 0 0 0 0 0 0 0 0 0 0 0 0 0
27.1 0 0 0 0 0 0 0 0 0 0 0 0 0 0 0 0
27.2 0 0 0 0 0 0 0 0 0 0 0 0 0 0 0 0
27.3 0 0 0 0 0 0 0 0 0 0 0 0 0 0 0 0
27.4 0 0 0 0 0 0 0 0 0 0 0 0 0 0 0 0
27.5 0 0 0 0 0 0 0 0 0 0 0 0 0 0 0 0
27.6 0 0 0 0 0 0 0 0 0 0 0 0 0 0 0 0
27.7 0 0 0 0 0 0 0 0 0 0 0 0 0 0 0 0
27.8 0 0 0 0 0 0 0 0 0 0 0 0 0 0 0 0
27.9 0 0 0 0 0 0 0 0 0 0 0 0 0 0 0 0
28.0 0 0 0 0 0 0 0 0 0 0 0 0 0 0 0 0
28.1 0 0 0 0 0 0 0 0 0 0 0 0 0 0 0 0
28.2 0 0 0 0 0 0 0 0 0 0 0 0 0 0 0 0
28.3 0 0 0 0 0 0 0 0 0 0 0 0 0 0 0 0
28.4 0 0 0 0 0 0 0 0 0 0 0 0 0 0 0 0
28.5 0 0 0 0 0 0 0 0 0 0 0 0 0 0 0 0
28.6 0 0 0 0 0 0 0 0 0 0 0 0 0 0 0 0
28.7 0 0 0 0 0 0 0 0 0 0 0 0 0 0 0 0
28.8 0 0 0 0 0 0 0 0 0 0 0 0 0 0 0 0
28.9 0 0 0 0 0 0 0 0 0 0 0 0 0 0 0 0
29.0 0 0 0 0 0 0 0 0 0 0 0 0 0 0 0 0
29.1 0 0 0 0 0 0 0 0 0 0 0 0 0 0 0 0
29.2 0 0 0 0 0 0 0 0 0 0 0 0 0 0 0 0
29.3 0 0 0 0 0 0 0 0 0 0 0 0 0 0 0 0
29.4 0 0 0 0 0 0 0 0 0 0 0 0 0 0 0 0
29.5 0 0 0 0 0 0 0 0 0 0 0 0 0 0 0 0
29.6 0 0 0 0 0 0 0 0 0 0 0 0 0 0 0 0
29.7 0 0 0 0 0 0 0 0 0 0 0 0 0 0 0 0
29.8 0 0 0 0 0 0 0 0 0 0 0 0 0 0 0 0
29.9 0 0 0 0 0 0 0 0 0 0 0 0 0 0 0 0
30.0 0 0 0 0 0 0 0 0 0 0 0 0 0 0 0 0
30.1 0 0 0 0 0 0 0 0 0 0 0 0 0 0 0 0
30.2 0 0 0 0 0 0 0 0 0 0 0 0 0 0 0 0
30.3 0 0 0 0 0 0 0 0 0 0 0 0 0 0 0 0
30.4 0 0 0 0 0 0 0 0 0 0 0 0 0 0 0 0
30.5 0 0 0 0 0 0 0 0 0 0 0 0 0 0 0 0
30.6 0 0 0 0 0 0 0 0 0 0 0 0 0 0 0 0
30.7 0 0 0 0 0 0 0 0 0 0 0 0 0 0 0 0
30.8 0 0 0 0 0 0 0 0 0 0 0 0 0 0 0 0
30.9 0 0 0 0 0 0 0 0 0 0 0 0 0 0 0 0
31.0 0 0 0 0 0 0 0 0 0 0 0 0 0 0 0 0
31.1 0 0 0 0 0 0 0 0 0 0 0 0 0 0 0 0
31.2 0 0 0 0 0 0 0 0 0 0 0 0 0 0 0 0
31.3 0 0 0 0 0 0 0 0 0 0 0 0 0 0 0 0
31.4 0 0 0 0 0 0 0 0 0 0 0 0 0 0 0 0
31.5 0 0 0 0 0 0 0 0 0 0 0 0 0 0 0 0
31.6 0 0 0 0 0 0 0 0 0 0 0 0 0 0 0 0
31.7 0 0 0 0 0 0 0 0 0 0 0 0 0 0 0 0
31.8 0 0 0 0 0 0 0 0 0 0 0 0 0 0 0 0
31.9 0 0 0 0 0 0 0 0 0 0 0 0 0 0 0 0
32.0 0 0 0 0 0 0 0 0 0 0 0 0 0 0 0 0
32.1 0 0 0 0 0 0 0 0 0 0 0 0 0 0 0 0
32.2 0 0 0 0 0 0 0 0 0 0 0 0 0 0 0 0
32.3 0 0 0 0 0 0 0 0 0 0 0 0 0 0 0 0
32.4 0 0 0 0 0 0 0 0 0 0 0 0 0 0 0 0
32.5 0 0 0 0 0 0 0 0 0 0 0 0 0 0 0 0
32.6 0 0 0 0 0 0 0 0 0 0 0 0 0 0 0 0
32.7 0 0 0 0 0 0 0 0 0 0 0 0 0 0 0 0
32.8 0 0 0 0 0 0 0 0 0 0 0 0 0 0 0 0
32.9 0 0 0 0 0 0 0 0 0 0 0 0 0 0 0 0
33.0 0 0 0 0 0 0 0 0 0 0 0 0 0 0 0 0
33.1 0 0 0 0 0 0 0 0 0 0 0 0 0 0 0 0
33.2 0 0 0 0 0 0 0 0 0 0 0 0 0 0 0 0
33.3 0 0 0 0 0 0 0 0 0 0 0 0 0 0 0 0
33.4 0 0 0 0 0 0 0 0 0 0 0 0 0 0 0 0
33.5 0 0 0 0 0 0 0 0 0 0 0 0 0 0 0 0
33.6 0 0 0 0 0 0 0 0 0 0 0 0 0 0 0 0
33.7 0 0 0 0 0 0 0 0 0 0 0 0 0 0 0 0
33.8 0 0 0 0 0 0 0 0 0 0 0 0 0 0 0 0
33.9 0 0 0 0 0 0 0 0 0 0 0 0 0 0 0 0
34.0 0 0 0 0 0 0 0 0 0 0 0 0 0 0 0 0
34.1 0 0 0 0 0 0 0 0 0 0 0 0 0 0 0 0
34.2 0 0 0 0 0 0 0 0 0 0 0 0 0 0 0 0
34.3 0 0 0 0 0 0 0 0 0 0 0 0 0 0 0 0
34.4 0 0 0 0 0 0 0 0 0 0 0 0 0 0 0 0
34.5 0 0 0 0 0 0 0 0 0 0 0 0 0 0 0 0
34.6 0 0 0 0 0 0 0 0 0 0 0 0 0 0 0 0
34.7 0 0 0 0 0 0 0 0 0 0 0 0 0 0 0 0
34.8 0 0 0 0 0 0 0 0 0 0 0 0 0 0 0 0
34.9 0 0 0 0 0 0 0 0 0 0 0 0 0 0 0 0
35.0 0 0 0 0 0 0 0 0 0 0 0 0 0 0 0 0
35.1 0 0 0 0 0 0 0 0 0 0 0 0 0 0 0 0
35.2 0 0 0 0 0 0 0 0 0 0 0 0 0 0 0 0
35.3 0 0 0 0 0 0 0 0 0 0 0 0 0 0 0 0
35.4 0 0 0 0 0 0 0 0 0 0 0 0 0 0 0 0
35.5 0 0 0 0 0 0 0 0 0 0 0 0 0 0 0 0
35.6 0 0 0 0 0 0 0 0 0 0 0 0 0 0 0 0
35.7 0 0 0 0 0 0 0 0 0 0 0 0 0 0 0 0
35.8 0 0 0 0 0 0 0 0 0 0 0 0 0 0 0 0
35.9 0 0 0 0 0 0 0 0 0 0 0 0 0 0 0 0
36.0 0 0 0 0 0 0 0 0 0 0 0 0 0 0 0 0
36.1 0 0 0 0 0 0 0 0 0 0 0 0 0 0 0 0
36.2 0 0 0 0 0 0 0 0 0 0 0 0 0 0 0 0
36.3 0 0 0 0 0 0 0 0 0 0 0 0 0 0 0 0
36.4 0 0 0 0 0 0 0 0 0 0 0 0 0 0 0 0
36.5 0 0 0 0 0 0 0 0 0 0 0 0 0 0 0 0
36.6 0 0 0 0 0 0 0 0 0 0 0 0 0 0 0 0
36.7 0 0 0 0 0 0 0 0 0 0 0 0 0 0 0 0
36.8 0 0 0 0 0 0 0 0 0 0 0 0 0 0 0 0
36.9 0 0 0 0 0 0 0 0 0 0 0 0 0 0 0 0
37.0 0 0 0 0 0 0 0 0 0 0 0 0 0 0 0 0
37.1 0 0 0 0 0 0 0 0 0 0 0 0 0 0 0 0
37.2 0 0 0 0 0 0 0 0 0 0 0 0 0 0 0 0
37.3 0 0 0 0 0 0 0 0 0 0 0 0 0 0 0 0
37.4 0 0 0 0 0 0 0 0 0 0 0 0 0 0 0 0
37.5 0 0 0 0 0 0 0 0 0 0 0 0 0 0 0 0
37.6 0 0 0 0 0 0 0 0 0 0 0 0 0 0 0 0
37.7 0 0 0 0 0 0 0 0 0 0 0 0 0 0 0 0
37.8 0 0 0 0 0 0 0 0 0 0 0 0 0 0 0 0
37.9 0 0 0 0 0 0 0 0 0 0 0 0 0 0 0 0
38.0 0 0 0 0 0 0 0 0 0 0 0 0 0 0 0 0
38.1 0 0 0 0 0 0 0 0 0 0 0 0 0 0 0 0
38.2 0 0 0 0 0 0 0 0 0 0 0 0 0 0 0 0
38.3 0 0 0 0 0 0 0 0 0 0 0 0 0 0 0 0
38.4 0 0 0 0 0 0 0 0 0 0 0 0 0 0 0 0
38.5 0 0 0 0 0 0 0 0 0 0 0 0 0 0 0 0
38.6 0 0 0 0 0 0 0 0 0 0 0 0 0 0 0 0
38.7 0 0 0 0 0 0 0 0 0 0 0 0 0 0 0 0
38.8 0 0 0 0 0 0 0 0 0 0 0 0 0 0 0 0
38.9 0 0 0 0 0 0 0 0 0 0 0 0 0 0 0 0
39.0 0 0 0 0 0 0 0 0 0 0 0 0 0 0 0 0
39.1 0 0 0 0 0 0 0 0 0 0 0 0 0 0 0 0
39.2 0 0 0 0 0 0 0 0 0 0 0 0 0 0 0 0
39.3 0 0 0 0 0 0 0 0 0 0 0 0 0 0 0 0
39.4 0 0 0 0 0 0 0 0 0 0 0 0 0 0 0 0
39.5 0 0 0 0 0 0 0 0 0 0 0 0 0 0 0 0
39.6 0 0 0 0 0 0 0 0 0 0 0 0 0 0 0 0
39.7 0 0 0 0 0 0 0 0 0 0 0 0 0 0 0 0
39.8 0 0 0 0 0 0 0 0 0 0 0 0 0 0 0 0
39.9 0 0 0 0 0 0 0 0 0 0 0 0 0 0 0 0
