   -14.70000     1441.88355   561615.74168    -3048.49521      491.02627     -408.24270    -1780.00944     -351.29829     -786.21406     -572.35196    90167.59496   119075.19817    88790.43881      321.60803       83.71339    -1379.55854    -1998.18992   -59813.39634      756.12238    88169.40504    59261.80183    89546.56119     -258.29936     -474.85685    -1540.03037      433.53944         178337
   -14.60000     -249.11371   882253.07197    -1775.60874     -579.49867     -777.33680    -1886.24133    -1007.95099    -1655.71083     -960.50711   141148.70012   186886.62714   139284.01806      388.61867     -474.06313    -1761.56056    -2371.40025   -93847.25427     1357.96389   138777.29988    93039.37286   140641.98194      501.16442      102.53152    -1904.74869      886.01778         279926
   -14.50000     -134.01552   880664.92060    -3519.15154     -361.09368    -1014.51369    -2277.79088     -570.50858    -1752.81383    -1230.68451   140985.91599   186621.55398   138780.47243      538.70497     -608.98964    -1908.77285    -2616.83199   -93888.10796     1794.05515   138369.08401    92733.44602   140574.52757     -175.71130      391.29440    -2141.11638     1349.01760         279355
   -14.40000     -409.85261   882271.97407    -1112.84346     -346.85099    -2018.77584    -1470.26725     -214.55849    -1042.62284    -1140.27393   140575.34437   186666.91180   139208.55788     1441.73560     -270.60656    -2206.52617    -1517.68875   -93700.82360     1215.88425   139057.65563    92966.08820   140424.44212      139.47355      710.11496    -1183.45356     1098.16405         279633
   -14.30000    -1404.48830   883722.18268     -552.47289     -282.66447    -2275.47788    -1378.45962      118.67530     -631.63270    -1192.76781   140248.10172   187031.28154   139397.83943     1736.94914      -93.69079    -1475.80950     -798.20343   -94364.56309      902.32113   139449.89828    92666.71846   140300.16057     -246.60867      483.86983     -643.24642      463.21937         279698
   -14.20000     1646.96978   886424.63177    -1455.72457      208.37745    -2210.77429    -1530.85905     -729.60265     -696.92059    -1096.23925   140460.56266   187544.06675   139876.39164      962.44171     -563.98218    -2041.58384     -448.12533   -94615.13351      720.21672   140012.43734    92928.93325   140596.60836      324.07253      127.61891     -772.65689      376.77122         280473
   -14.10000      891.69949   883998.73409    -1889.14190      240.81364     -957.22031    -1417.38012      396.50625      215.29653     -687.05123   140802.67622   187803.21449   139652.96530     1092.62604     -274.51375    -1264.56887     -829.35244   -94830.42897     1470.06940   139973.32378    92972.78551   141123.03470      118.88035     -136.20813     -786.31423     1072.72705         280776
   -14.00000     1545.52077   885758.00560      136.59153      187.26965      453.77216    -1287.79041     -226.40860     -259.27134    -2166.83240   141435.66369   188230.83819   140557.00400      854.66389     -925.33317     -630.70135     -825.32738   -94415.67638      931.99200   140610.33631    93815.16181   141488.99600      -15.08004       83.43634     -821.14391      605.10592         282046
   -13.90000     1848.91082   889183.97856    -1690.54937      395.91874     -255.59089    -1304.13507     -157.59619      215.34298     -713.33919   141619.10455   188774.51759   141420.42983     1145.78412     -828.58946     -483.54782     -544.20910   -94855.03517     -146.85965   141074.89545    93919.48241   141273.57017      -17.74278     -444.22118     -405.17722     -206.34525         282694
   -13.80000     2912.47578   883888.56790     1268.52720      839.77311      635.84131     -589.65445      146.32265      431.24620    -1989.89279   141151.49404   187580.04690   141072.37917      247.53969     -858.80036     -193.09217     -667.98809   -93525.09380     -509.75834   140483.50596    94054.95310   140562.62083     -198.87550     -176.21872     -438.71137     -661.45627         281635
   -13.70000     2696.21129   884506.94250    -2349.22765      729.26273     -254.36537    -1732.86895     -230.04895     1548.87462     -881.40896   141576.27476   188423.58719   140752.32182      867.31916       80.02243      433.11662    -1387.54953   -95082.17438      260.35636   140188.72524    93341.41281   141012.67818      344.79017     -188.03813    -1038.59070       96.67153         281765
   -13.60000     2078.55363   881692.49815    -1215.28888      872.53158      162.19314     -682.08466     -586.05016     2271.18489     -610.75803   140603.13468   188048.73581   140722.09385     1123.34711     -489.33881      286.67961      200.73063   -94690.47162      -37.18771   140803.86532    93358.26419   140684.90615      373.79110     -464.65822      129.10893       92.87861         281407
   -13.50000     3914.41482   882871.35051    -2116.24123     1293.13252     -114.01011     -939.93792     -522.42513      592.95476     -162.39841   140611.38632   187709.16033   140343.52968     1615.16209     -190.72177      577.38372     -363.77264   -94559.32065      171.94064   140247.61368    93149.83967   140515.47032     1001.79249       62.91164     -577.30213      300.71087         280859
   -13.40000     2942.16351   884733.10060      272.97325     1338.65647       97.02386     -267.29921      117.37052      740.21299      353.71846   141111.41191   188072.29830   140341.13534     1727.65039     -221.59468     1043.73076     -451.82381   -94373.59660     1088.72932   140659.58809    93698.70170   141429.86466      764.83066     -453.32553     -415.71922      915.66888         281771
   -13.30000     3690.69646   884081.92438    -2519.56531     1146.19563      807.26973     -964.71834      -32.67932     1284.51506       23.08621   141179.39365   187786.42527   140611.71357     1272.12100      159.87438      821.26152     -381.78730   -93595.85054      753.57287   140797.60635    94190.57473   141365.28643      491.18352     -677.22174     -227.20473      500.40737         281977
   -13.20000     2618.20542   884250.23376    -1441.37187     1346.79027      640.08012     -600.69275     -202.94415     1085.49574       50.57952   141356.08091   187943.22053   140757.59018     1222.08894      584.36995      904.43792     -538.16182   -93712.44105      658.81963   140817.91909    94230.77947   141416.40982      522.70020       49.66715     -392.86606      287.36144         282174
   -13.10000      -16.02500   882591.66653    -3764.78094     -577.86119     1299.93057    -2101.59015     -346.64694     1078.35303     -187.92066   140944.86957   188040.43237   140683.42911      706.24730      280.59826      667.52028       58.26086   -94132.86474      581.14178   141003.13043    93907.56763   141264.57089      697.02814      -28.86302      -55.48266      179.87265         281948
   -13.00000      606.42320   879300.84027    -3974.19886      372.88793     1293.88828    -1562.04854       16.57666     1121.72952      631.06573   140938.28700   187283.02296   140480.62119      981.11544      120.47670      664.69878     -862.57400   -93552.04591       52.75762   140075.71300    93730.97704   140533.37881      520.96788     -586.23228     -746.44782     -288.38325         281014
   -12.90000        2.47439   875773.90530    -3384.62803     -168.38279     1827.70743    -1896.70512      109.22107      312.81710     -133.19934   140239.78770   186324.76719   140148.45967      824.99280      424.70978      562.37882     -346.57539   -92516.53438     -163.91935   139893.21230    93808.23281   139984.54033      367.03886     -179.60208     -407.65837     -476.17879         280133
   -12.80000     1503.28881   881245.87703    -1947.02651       21.16998      521.09721     -410.12123     -519.61299      465.27651      809.12972   141102.70512   187117.51739   140792.28153     1438.05833      446.31024      710.61702    -1218.41024   -93248.03477     -597.56306   139884.29488    93869.48261   140194.71847      -70.98470       90.51435     -898.08616     -607.00235         280987
   -12.70000     1794.13525   875714.12712     -633.87892      322.88244     1465.10477     -113.16091     -917.21208     -930.31665      485.94427   140039.87340   185900.49009   139955.46094     1459.26222      671.29549     -297.09702     -614.74680   -92335.98018     -445.92189   139425.12660    93564.50991   139509.53906     -303.94978     -168.67750     -660.55257     -365.00747         279465
   -12.60000     2475.73850   877187.67540      425.66379      487.10277     1197.70535      733.13619     -857.28574     -627.74226      702.18583   139798.84253   186101.64362   139983.65711     1118.01734     -434.67020     1080.28271      120.31493   -92485.28725     -249.31423   139919.15747    93616.35638   139734.34289     -717.63171      560.96454       39.02623     -107.07020         279718
   -12.50000     3045.95112   879138.43661     -181.89432     1237.61118       69.98096      333.97853     -390.42764     -180.18411      516.44441   140350.24676   186645.07766   140648.94293     1589.19865      365.22785     1593.46574     -764.49352   -93354.15532    -1361.88587   139585.75324    93290.92234   139287.05707       15.68710      468.90892     -627.27048    -1110.44138         279936
   -12.40000     1456.95579   877753.07745      800.49771      975.05221     1047.77841      985.07922     -140.41236     -568.46848      677.31619   140269.45415   186776.03608   140308.97119     1512.70729     -102.46066      838.17118     -620.90830   -93634.07216     -699.94238   139648.54585    93141.96392   139609.02881     -591.74879     1176.21547     -620.65899     -642.01417         279918
   -12.30000     1165.26972   880687.89152     2008.30812      808.70702       48.23489     1104.46872      252.93775    -1248.56731      764.51232   140224.23859   187050.88831   140181.68709     1969.78098     -514.73665     1388.65177     -295.47717   -93948.77662     -210.37419   139928.76141    93102.11169   139971.31291     -631.94472      324.87686     -261.50553     -261.04046         280153
   -12.20000     2680.54953   875953.54066     3007.63596     1174.39346     -187.98846     1869.22145      183.80718     -796.76351      803.98432   139333.22078   186228.10076   139723.54467     1189.48175     -737.73994     1470.91669     -194.44156   -93984.20153     -975.08935   139138.77922    92243.89924   138748.45533      -75.81505      603.08987     -279.28672     -962.14565         278472
   -12.10000      469.33706   880064.56396      474.05503      622.19404      751.31979      955.58737      146.98828     -666.37867      853.55375   140122.72850   187415.92015   140739.52303     1386.27528     -928.03437     1112.55930       11.54300   -94574.84029    -1222.04606   140134.27150    92841.07985   139517.47697     -242.37300     1128.83866       93.21753     -958.31309         280257
   -12.00000    -1242.23979   882544.34752     2034.90047      253.97321      764.07249     1217.07373      508.57611    -1644.19858      202.95052   140856.63307   187549.84539   140694.19636     1594.81353     -297.48595     2047.63043     -734.26614   -94120.69078     -409.39273   140122.36693    93429.15461   140284.80364      221.25446      495.76107     -539.70970     -633.67300         280979
   -11.90000     1198.49675   875266.19620      912.83122     1066.64773      941.84457      654.76241      825.34910    -1072.76739     1495.18377   139651.88992   186499.65364   139450.63675     1369.37696      215.64264     1864.04777     -457.77985   -94153.30729      -55.27351   139194.11008    92346.34636   139395.36325     -106.14393      688.91752     -336.86472     -126.56425         278846
   -11.80000     1773.88480   881835.93386      803.82988      904.09064     -155.42252      969.89885      345.17573     -797.21008     1660.03991   140356.01038   187041.82709   140315.79329     1688.11990     -169.26955     1408.41014     -393.02076   -93764.65418     -312.58658   139962.98962    93277.17291   140003.20671      -11.48926     -204.58049     -251.05069     -269.46248         280319
   -11.70000     -192.93624   881680.74769     1161.59510       35.26225       14.36689     1067.49461      804.20493    -1295.82447     1167.92551   140176.25947   187182.10706   139842.15253      776.57085     -369.88273      913.16590     -228.51894   -94240.21412      439.69494   139947.74053    92941.89294   140281.84747       27.95863      -29.26458      112.22249      161.19485         280124
   -11.60000    -1757.39469   886155.18185      -38.40794     -231.89483      351.52281      676.55425     1259.10356     -386.61331      860.65798   141120.15799   188416.99587   141404.54391      858.39588      609.28571      936.34886     -239.31597   -94832.99174     -808.08782   140880.84201    93584.00413   140596.45609      107.29956      511.22432      -99.52196     -272.48678         282001
   -11.50000    -3435.49985   884127.75755     -291.18567     -979.47800     -266.87335     -116.68371     1518.56637       30.03940      588.40461   140791.54192   188105.16340   140564.17124      840.06389        8.39492     1040.84307     -413.08384   -95040.32681       41.65751   140378.45808    93064.83660   140605.82876     -211.72439      394.19464      -99.49049       62.65980         281170
   -11.40000    -2014.78811   883592.63339    -1755.31759     -684.91353     -133.46131     -505.21211      874.12388      444.14288      777.62660   140838.77550   187782.27591   140795.44851     1384.84741     -266.17348      570.69502     -472.55100   -94359.55183     -385.89701   140366.22450    93422.72409   140409.55149      168.39200      831.20738     -173.10881     -236.48585         281205
   -11.30000    -4176.88263   885060.23434      702.86170    -1693.19906     -273.70804      198.18250      862.50460     1286.63427      184.26447   140686.84048   188260.50039   141210.11838     1905.18629     -498.85887      674.54510      414.31904   -94733.00077     -632.23677   141101.15952    93527.49961   140577.88162      168.77394      391.56506      448.20622     -639.28763         281788
   -11.20000    -3414.77329   884098.47661    -1417.75760    -1717.32310      370.90256     -748.79670       60.54452     1721.62546     1241.23838   141181.01400   188151.58571   141005.95690     1649.90670     -390.30105      516.23486     -551.02801   -94492.17142     -200.91380   140629.98600    93659.41429   140805.04310     -155.25957     1188.35341      -81.41695     -392.16877         281811
   -11.10000    -4393.65562   879560.46581     1279.51296    -1927.30225      547.83348     -156.62660      257.62990     1482.33796       16.36990   139951.61282   187459.37883   140265.20561     1601.49367     -403.57200      318.37125      703.77435   -94311.75766       76.58879   140655.38718    93147.62117   140341.79439       34.11757      663.35459      683.51853     -211.19770         280607
   -11.00000    -4866.43717   880646.32265     1123.87727    -2134.06785      175.17554      110.28893      754.57979     1272.20279      560.68152   140100.15753   187478.85373   140119.26056     2264.84263      254.99321     1079.11076      399.68493   -94357.70745      361.47889   140499.84247    93121.14627   140480.73944     -201.73729     -150.67570      525.14913      -22.21161         280600
   -10.90000    -3609.49944   882259.36622    -2377.86854    -1644.34304      216.33496     -877.07305      610.59948      636.51330      791.43227   140264.44125   188061.95704   140772.07578     2255.23790       80.76384     1204.19430      410.11749   -95184.91408     -605.15156   140674.55875    92877.04296   140166.92422      135.65032     -534.74027      510.98315     -621.20527         280939
   -10.80000    -2111.93648   883915.59209      136.34595    -1564.67061      558.02302       76.26330      124.65617      474.86532      710.03143   140253.33381   188362.45364   141336.84120     1487.45169      200.32734      342.24213     1261.33239   -94956.90728     -905.68240   141514.66619    93405.54636   140431.15880       85.17234     -503.98278      972.98834     -765.18285         281768
   -10.70000    -4341.53305   881114.04713      161.80728    -1856.26674      716.13011      216.97201      727.12236     -193.37010      700.27950   139964.69715   187483.07440   141156.09953     1941.71709      544.57693      -49.31753      762.60571   -94274.14881    -1620.19905   140727.30285    93208.92560   139535.90047     -173.20356     -423.20557      344.58110    -1021.39738         280692
   -10.60000    -5284.69681   883310.39559     -727.42606    -2026.71336      -46.25303      -70.25820      923.70708      223.64490      473.55914   140424.33512   187899.69241   140530.94335     1893.73537      243.86426      -10.84702       98.32976   -94852.38482     -114.88670   140522.66488    93047.30759   140416.05665     -571.99587       -6.21558       56.89968     -298.84001         280947
   -10.50000    -3956.90715   878960.48319     -839.53954    -1609.03980     1093.43062     -687.05986     1108.62024     -197.49212      172.80318   139930.96888   186933.65763   140138.25887     2723.97015      317.79766     -603.80151       33.06224   -93972.31526     -381.51774   139964.03112    92961.34237   139756.74113     -648.44686     -401.92567        2.81481     -168.89902         279895
   -10.40000    -4173.52717   882592.69210    -1953.54335    -2067.31129      767.75444    -1024.12769     -374.90233     -314.85743      215.91149   140372.55559   187469.65986   140437.49932     1865.67054      153.94656      702.94588      171.88882   -94022.31972       42.00137   140544.44441    93447.34014   140479.50068     -934.25702     -599.01850      218.73515      -98.23091         280917
   -10.30000    -2649.17541   880663.14982      268.96393    -1445.88629      887.51070     -211.20243      -70.06855     -543.90359       58.35888   139954.99655   187089.52918   140404.40606     1420.55460      604.48940      140.12638      495.00691   -93774.05836     -403.81211   140450.00345    93315.47082   140000.59394     -348.68455     -223.70023      209.67092     -359.35730         280405
   -10.20000    -4513.93726   879673.07939    -1163.98307    -2145.19102     1910.37821    -1181.88701        2.86644    -1013.61312      126.00782   140308.64457   187916.11678   140531.99593     1824.23367      445.42680      475.21078      -92.28913   -95307.23356     -538.99186   140216.35543    92608.88322   139993.00407     -359.18078     -483.59404     -207.15912     -797.28836         280525
   -10.10000    -4926.66404   877421.48231    -3031.54812    -2684.87254      624.10697    -1857.78470     -444.24259    -1371.78404     -513.93206   139597.84250   187081.81516   140322.43070     2270.52442      657.14291      273.36446      -86.68501   -95054.63031    -1535.86141   139511.15750    92027.18484   138786.56930     -730.69657      111.57326       57.36109     -968.01722         279109
   -10.00000    -5801.73070   872412.54588    -1804.36018    -2180.53186     1084.99570    -1464.05999      639.63735    -1174.76361      259.72796   139172.07266   186096.95831   139254.16681     2461.86606      518.04505     -803.48399     -495.14532   -94344.91662     -659.33363   138676.92734    91752.04169   138594.83319     -954.73890     -334.57117     -308.45828     -403.52498         277849
    -9.90000    -3765.73164   873762.12217    -3989.25300    -1255.62271     1132.47656    -1872.52858      918.86690     -412.97632      762.76052   139433.92965   186207.56090   139895.81036     2921.80227     -158.74842    -1118.60883     -336.85929   -93884.12179    -1260.62072   139097.07035    92323.43910   138635.18964    -1282.47525      211.85107      -93.09335     -961.25747         278531
    -9.80000    -5182.42122   875249.91568    -3826.29017    -1786.93497     1949.95004    -1594.29542      841.13174    -1028.96937      578.80185   139748.97038   186875.05761   140138.08554     2748.22744     -465.76738     -552.58275     -113.94077   -94366.11522     -892.17107   139635.02962    92508.94239   139245.91446    -1084.72145     -867.87971       22.61696     -717.61003         279384
    -9.70000    -3770.83849   877089.29420    -1884.03335    -1439.29181      985.40002    -1187.84561      945.69838     -271.82073      505.17808   139891.18550   187129.37596   140318.20464     3257.36249     -385.93951    -1428.81786     -236.37100   -94712.75192    -1090.40928   139654.81450    92416.62404   139227.79536     -730.79535    -1000.21714      -53.04614     -964.79990         279546
    -9.60000    -2808.06113   876395.10823    -1360.98273    -1342.77760      708.71465     -827.92958      928.66437     -446.78465      778.63004   139297.36048   186654.85648   140020.05422     2588.40064     -654.51003     -784.52847      495.27904   -94219.71295     -950.10844   139792.63952    92435.14352   139069.94578    -1412.00704     -327.75920      419.05246     -910.19293         279090
    -9.50000    -2946.81832   880387.18818      -82.73474    -1113.84905     1166.05730     -556.15673      775.01461      172.20807      305.83986   140655.44868   187934.73873   140619.37979     2148.88184     -959.96706      514.88902     -487.89736   -95046.47747     -415.75959   140167.55132    92888.26127   140203.62021    -1577.54408      -17.06338     -277.23563     -410.53399         280823
    -9.40000    -3034.17821   879366.18665    -1002.43099    -1218.92759      621.54755     -280.91557     1149.80412     -201.06116      968.46073   140010.50742   187146.17863   140129.93210     2386.16908     -459.94798     -219.68514     -145.01483   -94416.35727     -383.86420   139865.49258    92729.82137   139746.06790    -1656.70377       59.79669     -242.24366     -534.61558         279876
    -9.30000    -4873.63978   878592.89784    -1908.75423    -1746.15278     2290.21427     -645.91038     1828.28239       18.13207      441.31705   140437.62856   187677.45596   140465.37786     1515.97703     -261.24865      136.61118     -220.25712   -94699.91193     -275.75571   140217.37144    92977.54404   140189.62214    -1925.38484      124.14994     -164.96664     -200.91552         280655
    -9.20000    -4470.83676   879008.02633     -740.71392    -2005.47525     1023.02194      -93.41767     1265.67077      781.80844      432.17624   139960.18816   187456.41978   140736.87362     1526.07781     -173.21366     -514.71683      351.62369   -94640.83957    -1201.74725   140311.81184    92815.58022   139535.12638    -1194.69356      843.48201       49.83233     -696.44062         280272
    -9.10000    -5261.53049   876720.05470    -1358.53399    -1805.85606     2325.05605     -236.20381     1759.32920      127.50322      357.10614   140028.88943   187582.38759   140117.12348     1557.54452     -118.24650     -935.12665      346.22114   -94760.77519      169.75305   140375.11057    92821.61241   140286.87652    -1084.90779      175.81170      488.41311      149.40532         280404
    -9.00000    -7218.57277   882901.91806    -2343.18099    -1962.83870     1728.67184     -517.19585     1801.71116      585.74445      412.39107   140652.37477   188428.28991   141088.77978      856.24354     -131.91650     -584.14838      604.25045   -94947.57982     -268.55956   141256.62523    93480.71009   140820.22022    -1178.10263      573.71697      448.81732     -373.35354         281909
    -8.90000    -4091.53953   878588.93177     1024.84057    -1499.03533     2146.61661      540.78991      502.13902     1197.62007      343.97779   140164.67209   187942.12485   140048.39425      921.19737      -10.38138     -650.87740      834.65583   -94720.24969     1067.21149   140999.32791    93221.87515   141115.60575     -917.86528      550.00184      648.95433      428.29167         281164
    -8.80000    -5153.33867   879628.40279     2841.24159    -2705.83564     1161.37297     1418.18135      309.34693     1044.13462      440.32719   140156.68662   187949.07277   140347.36744     1175.99165       71.84389      -31.25846      793.62676   -94791.14554      412.26511   140950.31338    93157.92723   140759.63256     -255.44362      831.78093      630.72313      156.41546         281107
    -8.70000    -4735.92532   883971.96274     1791.50460    -1366.62221     1030.50544      905.30922     1133.49537      659.73051      -38.18301   141138.77104   188438.20862   140800.95601     1213.50861      296.54987     -249.10752     -192.54207   -94791.41724      483.08798   140946.22896    93646.79138   141284.04399     -607.89723     1061.87853     -202.05967      259.37666         282085
    -8.60000    -6662.81807   877180.52352     4133.59878    -2869.75055      619.92232     1883.32595      993.82552      924.85995       13.70555   140018.95473   186766.57261   139810.86955     1884.30482      841.30550     -662.23327     -168.90947   -93664.14521      247.26090   139850.04527    93102.42739   140058.13045    -1267.88368      348.77882     -159.86849     -169.33230         279869
    -8.50000    -6763.02191   875310.63176      585.96063    -2708.05685     1419.32763      526.40163     1474.26372      399.93406      253.46384   139474.68629   186804.24882   139555.79782     1517.81200      267.68766     -251.00518      605.62743   -94053.49764      443.40435   140080.31371    92750.75118   139999.20218    -1308.30938      -37.50352      403.06312      267.81685         279555
    -8.40000    -4200.70532   879030.88458       -5.08218    -1651.97033      916.90659      498.39291      996.32103       24.04058      -13.26139   140199.37643   187292.10575   139866.72773     1680.15901      301.59194     -787.61663     -309.75286   -94495.21149      355.54454   139889.62357    92796.89425   140222.27227     -482.58283      240.17613     -328.32870      139.21279         280089
    -8.30000    -5516.55714   881774.03517      247.93188    -2587.35051      849.40982      153.47509      519.16988      233.03212     -435.98249   140197.86426   187984.91285   140347.87885     1683.23472       75.99057       23.14047      660.27148   -94913.82570      360.24230   140858.13574    93071.08715   140708.12115     -657.53221      628.90441      435.86889       47.12084         281056
    -8.20000    -5505.72488   880367.57371       84.90550    -2536.60224      663.39566      137.20586      964.78725     -146.61247      117.67306   140309.60191   187834.54234   139744.53106     1404.90422      241.70777     -355.06971      -68.20381   -95118.08468     1061.93788   140241.39809    92716.45766   140806.46894     -209.87353     -275.00179      -88.41989      847.29257         280551
    -8.10000    -3609.45329   880165.57993    -1299.97692    -1364.06410      483.09729     -393.63903      758.09680     -452.51939      -80.68946   139613.91152   187347.97115   140128.61444     1487.11957      572.49231     -536.50135      921.17696   -94546.94230     -108.22889   140535.08848    92801.02885   140020.38556      107.32456      -84.53075      459.01579     -105.58085         280149
    -8.00000    -4475.83862   881111.91654     -178.95524    -2182.22173     1010.68336      -73.49192      -92.88560     -833.87336      315.19893   140072.77331   187951.19182   140288.49057     1331.93658      898.61144     -933.02890      549.45337   -95207.38365      118.01885   140622.22669    92743.80818   140406.50943      323.99798     -320.86206       58.18860      -63.63690         280695
    -7.90000    -5885.64200   885939.08931     -827.04461    -2766.15696      378.67276     -694.70711      656.13411     -365.16826     -552.92749   141033.79771   188930.94439   140885.02229     1646.31187      318.33674     -682.26268     -128.59542   -95922.88878      168.95542   140905.20229    93008.05561   141053.97771      394.70042      423.96488     -334.76148     -101.84121         281939
    -7.80000    -5577.42878   886443.89857     -715.75557    -2981.22937      825.46584     -796.54491       78.97008     -944.93449    -1167.53190   140873.64629   188776.30462   140886.57416     1891.12562      511.07152     -150.93429      223.70742   -95581.60924      197.85167   141097.35371    93194.69538   141084.42584       10.20900      731.27034      -99.44405      -80.37323         281971
    -7.70000    -6432.62199   882886.17492     -850.89816    -2994.92580      622.64299     -585.44350      375.70526     -622.64598     -114.16795   140641.05776   188165.62565   140259.24769     2194.84807      426.14300     -540.95195     -266.11553   -95315.25131      497.50463   140374.94224    92850.37435   140756.75231      796.46279      315.61403     -558.17557      102.53139         281016
    -7.60000    -5807.07778   882970.12208      903.89773    -2548.40524      316.59592     -259.45552      637.32375     -488.79577    -2052.16815   140504.72143   188162.14321   140313.20881     1992.51657     -563.32622      154.05473     -178.44287   -95493.28643      204.58238   140326.27857    92668.85679   140517.79119      475.13547     1046.62210     -291.40568      173.45262         280831
    -7.50000    -7175.82490   883565.42907       48.76557    -3419.44087     -872.76123     -308.26830      918.42359     -141.16340     -982.07561   140210.11295   187740.12125   139895.76398     2575.35923      -30.94530     -132.53203       41.77410   -95018.24249      670.47204   140251.88705    92721.87875   140566.23602      574.70080      -26.80002      -56.60624      372.15656         280462
    -7.40000    -7546.62126   879148.56066     2413.52945    -3056.31500      325.90431      284.54629     1546.92142      272.86207    -1243.86956   139965.39003   187414.69767   139676.63765     1233.69039      -80.46354    -1266.06872       63.21993   -94835.39534      640.72469   140028.60997    92579.30233   140317.36235      350.86667     -187.70518        3.89246      438.58163         279994
    -7.30000    -7667.07514   882572.66591      -52.72736    -3223.29430      -70.11820     -278.68594      843.78203       36.32223     -704.82465   140431.25628   187819.13710   139900.35619     1520.22728     -637.60792     -277.79912     -132.51255   -94908.27421      929.28761   140298.74372    92910.86290   140829.64381       86.88623     -120.00619     -315.30128      766.72593         280730
    -7.20000    -5745.74943   882271.60544     1622.27135    -2254.83663      206.19433      158.06376      398.40097      617.13375    -1330.38017   140594.59726   187816.45149   140187.77900      787.21451     -422.71405     -583.92573     -514.19452   -94957.90299      299.44200   140080.40274    92858.54851   140487.22100      221.83225     -254.82882     -318.38528      215.09358         280675
    -7.10000    -5000.20984   887952.57498     2240.17669    -1430.51537     -301.98044     -147.63759     1156.71578     -367.81549    -1618.78198   141328.68556   188517.75884   140489.38631     1148.05695     -362.84972     -168.58482     -579.37112   -94957.51769     1099.22737   140749.31444    93560.24116   141588.61369      -42.46215     -831.26146     -442.02505     1003.48628         282078
    -7.00000    -4008.86193   886795.14888     1745.87264    -1082.48221       18.70223      -31.94378     1581.53774     -861.89582     -848.27714   140931.74130   188305.99822   140403.27891      803.08290     -628.07401     -217.99463     -191.48260   -94939.99644      865.44219   140740.25870    93366.00178   141268.72109      110.18736    -1475.07328       20.83054      800.96373         281672
    -6.90000    -1667.46768   885360.11787     1763.86176     -205.73173      101.86498      540.16373     1094.47057     -414.13916      106.14601   140909.70181   188068.81093   139937.06684     1286.38684      283.94567      -94.56508     -248.40363   -94566.62185     1696.86631   140661.29819    93502.18907   141633.93316     1284.24422     -877.85261     -189.72517     1249.53596         281571
    -6.80000    -2769.02292   882763.89544      827.81301    -1119.72512     -199.76107     -794.61087      999.25705     -122.33374     -843.98443   140731.42451   187647.52819   139952.04150     2072.52921       55.58559      -57.72914     -851.84902   -94684.05638      706.91700   139879.57549    92963.47181   140658.95850      989.84767     -854.35553     -585.98472      593.50322         280611
    -6.70000    -2652.54519   879213.35581    -1399.43887     -942.41242     1317.40793     -907.45498      667.02665     -455.11128     -214.85808   140209.07841   187342.95610   139722.12053      809.91726     -157.96466     -130.99935       75.84318   -94191.91220     1049.75893   140284.92159    93151.04390   140771.87947     1156.09825    -1115.92032       97.07312     1032.84756         280494
    -6.60000    -3035.99569   877230.45921    -1934.08493    -1468.07099     1974.59117     -907.51043     -237.48336     -468.11490     -429.48354   139940.27077   187828.33739   139530.90548     1003.36742       11.02521      330.04878      531.45846   -95244.67478     1350.18903   140471.72923    92583.66261   140881.09452      512.75096     -657.89921      284.73093     1024.45438         280412
    -6.50000    -1630.35187   880211.18784    -2243.64470     -672.53250     1539.95755     -910.21518      632.30888     -346.18056       74.81916   140719.68488   187788.62775   140151.48068     1541.03168       64.64084     -146.28418     -456.36975   -94594.25551      680.03863   140263.31512    93194.37225   140831.51932      943.02977     -940.04507     -360.64827      535.25793         280983
    -6.40000      393.40794   876293.59428       58.94884      312.21303     1643.44278     -488.27956      359.55105     1312.65435     -173.40953   140221.41299   187524.32098   139605.34523     1501.57995     -226.38979      571.09077      -85.82598   -94691.64197     1146.30954   140135.58701    92832.67902   140751.65477      588.93918     -387.45302        1.60893      884.09797         280357
    -6.30000    -1545.23922   880177.71674     -818.61782     -518.86928      981.51216     -446.14751     1075.04505     1226.36594     -327.54949   140499.61481   188280.93761   139850.84656      898.87952      304.01876      406.51568       94.77038   -95467.87523     1392.30687   140594.38519    92813.06239   141243.15344      854.88349     -523.26537      -52.17743     1020.78938         281094
    -6.20000      -59.82573   882561.86049    -1880.76144        6.65594      677.35125     -776.62181      871.38375      123.24216      120.02356   140667.42846   188557.64128   140294.30662      925.56828      100.50507      597.91149       -0.85693   -95781.28257      745.38676   140666.57154    92776.35872   141039.69338      832.19344     -170.38193       96.36268      768.69023         281334
    -6.10000     1135.94203   878073.62709    -1744.04304      411.70801     1709.60518     -665.88084      616.71250     1482.16946      186.36768   140089.53853   188061.29179   140179.27082     1118.35121      492.88691     -244.55523      871.92293   -95071.58359      692.45837   140961.46147    92989.70821   140871.72918      370.37834      -52.24297      498.92482      663.13886         281051
    -6.00000     1099.37818   875845.26069    -1582.75900      571.52476     1768.19785     -897.63447     1076.25361      -11.24992       88.58818   140200.90491   187681.96208   139447.76247     2400.09052     1406.09298      949.03560     -426.80983   -95388.92416     1079.47507   139774.09509    92293.03792   140527.23753      548.44654       -0.62181     -493.16343      832.58677         279975
    -5.90000     2667.05528   881198.74627    -3831.73460      974.14606     1059.75527    -1310.81101      594.05481      274.23465     1208.88979   140784.98518   188616.73167   140246.56217     1244.71429      446.54569     -168.09021     -253.97037   -95917.46334      822.87565   140531.01482    92699.26833   141069.43783      684.16015     1237.98225     -387.21804     1045.97104         281316
    -5.80000      321.69528   880824.37812    -1885.72919      309.45197      600.00694     -125.04392     1203.21797     -119.68802     1011.53619   140503.26979   188167.24708   140157.92145     1268.02328      939.31932      222.20541     -284.53957   -95612.49417      406.15709   140218.73021    92554.75292   140564.07855      624.46435      529.83054     -264.47185      592.25000         280722
    -5.70000     1942.32565   883126.62289    -2019.70310      484.00464      815.71782     -116.56319      220.53306     -231.93009      987.79922   140816.50418   188861.40000   140235.15060     1210.17287     1004.36812     1059.82899      -78.00835   -96167.80001     1084.69879   140738.49582    92693.60000   141319.84940      453.42173       64.37384      -34.21675     1038.64651         281555
    -5.60000      426.94702   877503.30355       25.25896      323.98918      657.54604      469.36540      385.35800     -155.78164     1076.76512   139834.63259   187715.94454   139141.63144      222.12708      617.23070      230.36512      243.73482   -95518.88908     1629.73712   140078.36741    92197.05546   140771.36856     -137.17319      142.78295      152.29380     1740.92144         279913
    -5.50000     2222.90266   881216.40877    -1508.52273     1125.98680     -148.97907     -280.84088       18.78373     -124.81026       15.63119   140209.41692   188178.35145   139317.26499      640.55754      449.10429      130.55891       56.16616   -95881.70291     1840.47002   140265.58308    92296.64855   141157.73501      336.00301      298.72326      -10.74778     1799.59705         280475
    -5.40000     2345.99732   881149.95731    -3280.46200     1287.18169     -528.63083     -610.61032      764.71240      -53.70772     1338.82350   140009.35240   188374.80278   138874.81718     1063.50497      498.47290     -647.32159      265.29521   -96465.60555     2534.36565   140274.64760    91909.19722   141409.18282      147.55771       43.81905      116.83421     2263.25615         280284
    -5.30000     4444.58772   880915.92357    -3266.79645     1994.39170      103.79792     -693.83925      185.64979     1058.11417     1921.47854   140473.49078   188783.15589   138879.63966     1965.25660      575.35048      139.45278      -93.98157   -96713.31178     3093.72069   140379.50922    92069.84411   141973.36034       -3.62297      369.56858      -50.95892     2776.65438         280853
    -5.20000     2293.93225   880997.21154    -4994.43668     1152.36479     -104.11529    -1268.49180      212.11875      534.80549     2064.37850   140456.94308   189015.92436   138626.30642     1454.64368     1158.15716     -900.38368     -220.88617   -97338.84871     3440.38715   140236.05692    91677.07564   142066.69358      -24.65808      908.28136     -136.84868     3122.24209         280693
    -5.10000     5241.17342   879087.39599    -4137.11452     2256.44919     -569.03004     -838.32764     -209.04331     1222.36398     2266.81973   139997.96844   188952.27684   137928.14150     1287.51721     1410.07902     -640.73727     -161.93687   -98070.55368     3977.71700   139836.03156    90881.72316   141905.85850     -137.05376      485.92340     -310.98430     3486.94960         279834
    -5.00000     3930.68136   880418.02075    -4135.63009     1823.41773     -101.77352    -1256.26121     -481.12073      722.18511     2082.34711   140435.57761   189370.89529   138034.87491     1334.76424     1341.47112    -1048.97744     -391.15522   -98261.79059     4410.25019   140044.42239    91109.10471   142445.12509     -595.59012      428.55669     -351.51761     3692.62604         280480
    -4.90000     4952.11085   880923.27464    -4124.16213     2344.44320    -1508.47717    -1294.50945     -708.31960      228.02944     2209.80174   139594.92014   188873.64178   137504.51988     1955.65886     2268.47118    -1074.39415      596.15972   -97961.28356     4776.96025   140191.07986    90912.35822   142281.48012      224.35099      407.11156      328.37387     4032.07712         279786
    -4.80000     5385.22909   881672.50387    -2853.61811     1749.49835     -908.05387     -314.57193    -1506.33145      572.39663     2524.03385   139506.96238   190013.23491   137434.95644     1916.49987     1427.05202    -1236.95593     1388.07523   -99624.46982     5532.08711   140895.03762    90388.76509   142967.04356      476.08677     1050.43181      992.22325     4581.25098         280402
    -4.70000     4934.52402   881217.98382    -1258.31930     1907.06693     -831.02476     -494.46407    -1796.69035     -103.76500     1887.70487   139560.43813   190001.39215   137245.73491     1669.36318     1714.33473     -977.42389     1151.12375   -99730.78429     5780.53017   140711.56187    90270.60785   143026.26509      202.36267      641.18742      855.97581     4855.66450         280272
    -4.60000     1733.20272   878730.29176    -2863.81185      867.89108     -244.77987     -506.27847     -955.36240     -527.59477     2125.17900   139073.68125   190147.16874   136463.55841     1474.52640     1110.51539    -1866.09794     1514.63749  -100632.33749     6734.88318   140588.31875    89514.83126   143198.44159     -111.82435     1233.03871     1429.84493     5709.89298         279662
    -4.50000     5608.67958   877607.69174        5.55643     1912.45949      437.19001      637.30059    -1511.76306    -1344.00789     1461.88500   139137.62909   190432.84080   135981.03517     1278.81537     2059.78564    -1169.58252     1316.74183  -101273.68161     7629.92965   140454.37091    89159.15920   143610.96483     -631.22159     1103.07950      866.12845     6374.23853         279592
    -4.40000     2832.80184   881449.27057       31.05753     1092.28386      230.38152      962.87691     -865.57560    -1408.10569     1188.13477   139923.61339   191269.01634   136488.10523      658.23808     1739.07190    -1240.10862      962.77322  -101728.03268     7833.78954   140886.38661    89540.98366   144321.89477     -551.86840     1396.66736      613.60983     6762.97539         280810
    -4.30000     2061.07252   881424.22416    -1454.19463     1059.75467       18.86512      241.09758     -810.95480     -829.26895     1002.92409   140169.73159   191641.64655   135520.32237      714.64372     2112.19020     -823.70567      347.53681  -102596.29309     9646.35525   140517.26841    89045.35345   145166.67763     -738.25801     1467.91983      237.91534     8303.57759         280687
    -4.20000     1799.50625   882132.78991     -828.28133      958.01637     -960.22539      187.67980     -546.38934     -557.92685      957.16306   139666.43519   192210.61964   135352.39549      203.70290     2836.60287    -1009.25742      974.12962  -104114.23928     9602.20902   140640.56481    88096.38036   144954.60451     -155.48680      535.22781      641.26230     8410.39790         280307
    -4.10000     2137.80615   880278.25841     -398.72441      929.83775    -1051.63922      292.83805     -660.18011     -469.15383      268.82845   139733.76619   192570.78191   134793.05543     1791.14735     3555.69395     -471.50738      419.46762  -105254.56381    10300.88913   140153.23381    87316.21809   145093.94457     -607.25010      802.98703      638.60312     8820.77974         279887
    -4.00000     3273.91258   883189.88793    -2374.95759     1163.15530     -365.96837     -589.09769     -888.63948     -593.40768      368.19156   140273.03842   193921.80296   134397.84778     1902.23221     3331.61298     -404.63452      547.92316  -106749.60592    12298.30443   140820.96158    87172.19704   146696.15222    -1181.12340      566.15155      543.56650    10453.20041         281094
    -3.90000     2961.83172   879975.20416    -3291.50391     1397.70822     -843.53874     -549.18951     -244.71536      593.34798     1675.34871   139667.27597   193591.84971   133700.91669      730.27972     4098.11875     -982.70555      898.44805  -106950.69941    12831.16662   140565.72403    86641.15029   146532.08331    -1139.54566      129.48928      664.50945    10936.35393         280233
    -3.80000     3963.96662   882974.15732    -3156.37251     1768.98209      109.97020     -583.12748     -940.70303      112.47419      387.80239   140229.93665   195355.73823   133572.42785     1672.38451     4400.30413     -551.08838     1089.12670  -109162.47646    14404.14431   141319.06335    86193.26177   147976.57215     -188.83554     -563.08953      818.22518    12060.76643         281549
    -3.70000     5654.83045   875460.64350    -3591.25777     2207.25512      196.25464     -971.95379     -582.75612     -218.48783      584.22884   139505.07469   194349.46535   131618.00709     1691.78206     4455.45475     -310.48847      262.85063  -109425.93071    16036.98582   139767.92531    84923.53465   147654.99291     -877.91852     -409.65841      254.41694    13315.08867         279273
    -3.60000     6214.15461   875741.06430    -2224.71882     2396.12363     -574.91742     -423.50454     -783.54898      371.78781      665.09445   139151.61361   194684.67823   131190.55727     1867.82353     4606.08212      492.05012      500.77278  -110565.35647    16422.88547   139652.38639    84119.32177   147613.44273     -640.42218      650.78630      511.21875    13794.46862         278804
    -3.50000     4138.84424   876725.56798    -1484.78181     2171.95729      -76.22364     -708.48105     -427.03185     -179.83272     -186.79329   139552.31573   196019.25951   130471.86648     1557.30521     4624.10060      215.84730      192.36855  -112741.51903    18353.26704   139744.68427    83277.74049   148825.13352     -242.81657      -83.40075       42.46294    15181.47070         279297
    -3.40000     3186.73222   875434.12523    -1334.43369     1237.78376      737.81438     -783.81681     -785.73546      214.23103     -297.66536   139589.89781   196669.59973   130018.12174     1479.05956     5756.50919     -114.28654      360.20439  -113799.19946    19503.75653   139950.10219    82870.40027   149521.87826     -952.77084      169.49423      173.99134    16416.50567         279540
    -3.30000     4409.35736   876933.12717    -1620.08249     2136.17848      176.58022     -894.54444      560.49108     -873.36646     -526.73722   139089.68541   196988.49698   129270.65264     1744.94731     5411.05270     -486.66673      840.62918  -114956.99396    20478.69472   139930.31459    82031.50302   149749.34736     -812.01382      -67.08146      448.68436    17002.78898         279020
    -3.20000     6057.90387   874737.14850    -4237.08278     2208.23562      222.22187    -1372.96706     -602.52671     -303.45234      294.50648   139453.69439   197353.35507   128759.26960      476.76058     6179.67398      930.95353     -256.38878  -116055.71014    21132.46081   139197.30561    81297.64493   149891.73040      -54.52429     -932.15771       57.58205    17597.86771         278651
    -3.10000     4546.05868   874283.13894    -3409.40181     1934.96953     -325.79346    -1885.14470     -276.37218     -982.91410     -392.47089   138605.01233   197433.55263   127294.02583      337.10697     6687.66697     2274.93845      672.97534  -116984.10526    23294.94833   139277.98767    80449.44737   150588.97417      468.39146     -965.25963      580.73628    19495.74466         277883
    -3.00000     3612.47354   873412.60891    -4305.78791     1943.56442    -1532.22101    -2061.92607      -12.08048     -566.59005     -926.60519   138047.15201   197705.13494   125953.08443      661.66792     7048.30881     1288.51301      783.69598  -118532.26988    24971.83115   138830.84799    79172.86506   150924.91557      404.33442     -753.76594      535.39315    20847.18614         276878
    -2.90000     3697.03087   869412.11982    -1945.53128     1795.53301     -770.07432    -1124.84821       70.78389     -872.97201     -682.75535   137569.35337   198032.52619   124575.78062      -63.60091     7815.03190     1214.62015      931.29326  -119995.05239    26918.43875   138500.64663    78037.47381   151494.21938     -256.67549     -220.86922      716.97873    22566.40091         276070
    -2.80000     4395.60567   866627.32446    -2072.82492     2278.42945     -723.83405    -1151.88593      710.68667     -950.87920     -647.66496   137355.05733   197986.06445   123324.55510      124.82052     8305.71066      297.67381      421.88534  -120840.12890    28482.88979   137776.94267    77145.93555   151807.44490      141.00919     -597.18124      518.44676    23681.22986         275132
    -2.70000     3225.56377   867807.89593    -3130.57617     1850.82425     -571.61117    -1362.30429      625.33661    -1125.29961      -18.45577   137698.80984   198848.77805   123013.98624      939.83886     8722.76553      853.85639       82.38032  -122217.55609    29452.02753   137781.19016    76631.22195   152466.01376      314.28841     -626.99301       36.62254    24841.15023         275480
    -2.60000     3584.01539   860682.33584    -1602.65281     1159.85150    -1184.24422    -1102.48587    -1130.47607      178.03888     -455.57799   136856.81706   198118.83837   121091.54404      990.95478     9072.95147       85.00219     -574.63413  -123098.67674    30955.91192   136282.18294    75020.16163   152047.45596      550.86078     -736.59371     -684.80030    25938.69855         273139
    -2.50000     4704.52969   860743.56765    -2127.26537     2306.65979    -2319.64639     -618.59850     -123.36316     -206.73612       61.78327   136579.19251   198164.10226   120399.78859      145.87141     9241.82942      279.89738     -670.38502  -123840.20453    31688.42282   135908.80749    74323.89774   152088.21141      504.07254     -591.79281     -473.28572    26507.65368         272488
    -2.40000     5086.39227   856266.17308    -1103.05071     2108.13882    -1563.48563     -447.01422     -127.57360      289.13989      113.82284   135858.28125   198208.23095   119651.28837     1189.60643     8791.06820      388.53931      -44.56250  -124744.46190    32369.42327   135813.71875    73463.76905   152020.71163      437.52407       35.20492      -69.38759    27310.70125         271672
    -2.30000     4534.83106   847566.64010      944.07796     2376.29453     -626.24644       63.86431       48.57577      255.54801    -1103.58842   134867.91720   197493.73993   117911.82759      672.90029     8947.89234     -878.63828     -344.83439  -125596.47986    33567.34483   134523.08280    71897.26007   151479.17241      368.95639    -1020.36531     -326.47198    28343.36339         269391
    -2.20000     3670.96608   843844.30959     -957.15625     2115.47416     -383.35870       19.95786      883.15749     -133.11987     -604.92058   133995.32451   197183.70030   116672.79489     1907.38292     9159.31711      242.28399      360.35098  -126016.40061    35005.41023   134355.67549    71167.29970   151678.20511      132.35447     -719.70163      125.84504    29596.03791         268351
    -2.10000     4200.73835   834056.83738    -1537.45459     2594.75705      688.48380     -831.54988      671.75473     -195.93534     -363.64023   133227.64494   196540.72433   115511.09305      358.88944     9109.22616      210.09659     -467.28989  -127093.44866    34965.81391   132760.35506    69447.27567   150476.90695       67.83793     -878.54344     -356.16376    29741.23629         265988
    -2.00000     1953.87063   823012.90407      698.05589     1165.86564     1113.49535     -117.02757      908.80644     -516.10457     -635.88408   131259.53877   194683.87003   113686.18114      539.67677     8903.00904      755.35027      243.92246  -126604.74006    35390.63772   131503.46123    68079.12997   149076.81886      302.48616     -474.67437      251.69519    30112.31171         262763
    -1.90000     1169.95477   815560.31584      842.60670     1431.85137     -196.19770     -380.22944     1346.68291      298.32301    -1275.26050   129830.67650   192901.08236   111810.79535      829.18826     9287.24765       87.92557       41.64699  -126099.16473    36081.40930   129872.32350    66801.91764   147892.20465      628.70150    -1023.12757      -74.99339    30524.85833         259703
    -1.80000     -396.77786   804567.25165      290.01467      736.97757     -780.92019      138.72124     1046.85166      221.02825     -397.51443   128103.46487   191020.77326   109699.72591      585.95222     9434.38370     -382.77960     -382.92975  -126217.54652    36424.54819   127720.53513    64803.22674   146124.27409      570.73860     -846.37817     -349.60936    31163.13328         255824
    -1.70000      913.65690   790970.12772     2274.09089      621.51876      673.23861      270.34816      717.01267      325.26181     -736.38074   125679.77852   188629.80065   107902.80022      564.29670     9186.69173     -588.96885      993.44296  -124906.60130    36547.39956   126673.22148    63723.19935   144450.19978        3.53549     -160.74661      820.95844    31218.74735         252353
    -1.60000      -89.62192   777367.73293      763.82680      959.65555      530.52195       94.70293     1463.90240      -62.42223     -383.85699   123701.82524   185889.34715   105741.35668      633.19817     8954.11105     -726.47941      386.34952  -123988.69430    36307.28663   124088.17476    61900.65285   142048.64332      501.48607      203.03212      608.83746    31045.29449         247790
    -1.50000      220.57527   762077.91214     2570.99268      832.25081     1147.53781      889.10050     1687.83875     1013.74306     -665.32222   121560.77998   183172.83805   104083.30659      483.35598     8734.23991     -406.97228      436.44003  -122787.67610    35391.38683   121997.22002    60385.16195   139474.69341      782.24832      224.50743      243.39559    30309.84136         243558
    -1.40000     1707.27977   747294.80019     2718.26612     1355.47491     -334.22674      957.36636      336.80277      869.30534     -395.89449   118911.85117   179160.24571   101497.60075     -414.47569     8569.04917     -139.60505      241.29767  -120255.49141    35069.79850   119153.14883    58904.75429   136567.39925      520.97781      -55.95269      305.81164    30105.25205         238065
    -1.30000     2499.05533   727398.31438     1530.41411     1652.76732      756.62488      497.34760     1122.30613      454.99112     -250.95550   116075.04663   175235.12522    99463.31879      -58.10377     8000.34652      -63.31166      -16.09326  -118336.25044    33207.36242   116058.95337    56898.87478   132670.68121     1065.11741      478.10241      -17.38893    28524.97408         232134
    -1.20000     2128.09877   708678.65304     2190.90802     1402.65565     1084.48710      572.18261      943.71715     1453.56572      -19.22570   113169.40706   170919.16722    96526.66828      495.85565     7447.98042     -708.48161      200.18587  -115299.33445    33485.66344   113369.59294    55619.83278   130012.33172     1110.05587       80.55541      217.19397    28859.00373         226539
    -1.10000       73.42848   689567.23709     3380.33005      742.88014      918.81307     1330.42656      838.35826      582.45603      -45.11415   109814.71742   166562.64066    94372.47415      158.20509     6870.91115     -188.11784      466.56515  -113029.28132    31351.05169   110281.28258    53533.35934   125723.52585      583.22258      285.85423      451.44684    27027.78652         220096
    -1.00000       93.77762   670205.69783     3418.14106      915.18248      678.32003     1124.37849     1144.67670      394.29436     -590.48307   106998.56862   162158.95365    91566.74295     -124.91026     5716.75225      110.95665     -163.13723  -110483.90730    30700.51410   106835.43138    51675.04635   122267.25705      319.31184      117.65767     -106.03618    26407.89175         213834
    -0.90000     2666.25407   647438.68620     1409.69595     1571.67297     1359.33985       76.26650      518.12317      223.86578     -614.05553   103783.23245   157346.28403    88892.83520     -400.50656     5182.78922     -289.98552     -635.46491  -107761.56806    29145.32959   103147.76755    49584.71597   118038.16480      543.33911      409.14440     -361.00982    25104.04040         206931
    -0.80000     1755.79407   622909.62064     -166.83911     1420.90652     1800.45591       50.68107      761.55965      253.55985     -444.13224    99532.03152   151773.66583    85594.99019      -83.19340     5083.41055     -310.90057      235.93696  -104247.33166    28110.01963    99767.96848    47526.33417   113705.00981     -107.19853      634.38777      289.68663    24317.22398         199300
    -0.70000     3111.32988   602475.09366      475.50212     1607.78741     2054.55192     -133.52829      261.21757      517.41586     -331.70096    96702.23162   147239.26450    83292.57646     -756.05421     4296.30198       12.81296     -401.46324  -101475.52901    26417.84709    96300.76838    45763.73550   109710.42354     -402.66941     1654.77585     -104.95037    22876.39660         193003
    -0.60000     1740.72548   579501.78064      276.88993     1423.57039     2492.32760      318.26888      658.42459      449.05743      166.05018    92976.81702   141772.87638    80513.57028     -873.54587     3916.08106       70.03111      -55.63403   -97647.75277    24870.85945    92921.18298    44125.12362   105384.42972     -543.87814     1208.41330       54.21717    21506.53531         185898
    -0.50000      638.56936   557346.19110      167.64400     1208.73967     2501.23606     -121.57136     1089.78939      500.35170      140.26751    89542.34959   136391.19662    77786.03552     -264.69003     3296.73492      273.38796     -394.69918   -94092.39324    23117.92896    89147.65041    42298.80338   100903.96448     -697.53028     1601.00672     -134.13650    20189.43910         178690
    -0.40000     1856.84763   530502.01141      452.18760     1286.17263     2881.50245      214.80056      927.31179      268.40970     -359.61670    85178.05292   130639.72192    74639.97661     -177.28122     2818.32054     -532.62133      142.89415   -90780.44384    21219.04678    85320.94708    39859.27808    95859.02339     -281.07070     1491.33531      159.94619    18400.14445         170499
    -0.30000     2859.85978   505917.10713    -1607.45978     1563.43616     2947.45238     -739.99799      144.08834      854.61238     -331.76376    81652.61886   124949.12322    71913.86280     -189.01732     2003.94340     -272.96454     -464.23773   -87057.24645    19013.27440    81188.38114    37891.87678    90927.13720      174.78521     1393.29491     -181.59774    16717.93276         162841
    -0.20000     2193.92300   482228.69887     1306.06367     1459.58346     2371.69936      362.49418      659.07694      511.18364     -355.49572    77357.28165   118685.42173    69088.98202     -199.72965     1803.86645     -339.12192      104.43670   -82551.84347    16641.03597    77461.71835    36133.57827    85730.01798      165.68564     1358.85237      247.93831    14661.66222         154819
    -0.10000     1679.52547   454459.54368     1192.25848     1444.84629     2666.69949      402.19108      819.16391      927.28892     -255.19503    73079.41540   112307.34236    65681.55768     -207.67117     1230.47989     -127.61421      158.16921   -78297.68473    14953.88464    73237.58460    34009.65764    80635.44232     -101.55028     1156.78054      221.50794    13253.93447         146317
     0.00000     1771.61595   431037.46916      714.80194     1186.97284     3101.28024      506.95985      649.16617      124.95786      312.78993    69383.94794   106352.02588    62793.72841      435.49327      772.34008      666.52311      166.10413   -73770.05177    13346.54317    69550.05206    32581.97412    76140.27159     -611.72227      619.02529      174.23404    11765.43777         138934
     0.10000     3183.26525   404708.46392      380.51417     1690.20212     3178.80843       30.57081      790.23714      577.74436     -122.69144    65304.00583   100213.25107    59651.67224      536.08987      210.00818      401.73742       63.98833   -69754.50213    11368.65551    65367.99417    30458.74893    71020.32776      -92.86272      983.01338      119.70094    10215.22140         130672
     0.20000     2009.72699   378161.23231     1573.85641     1192.39389     3332.07128      399.71028      518.80230      713.28143     -265.97123    61363.05514    94014.62708    56265.39191      237.34080     -329.39813      185.79475     -325.11028   -65628.25415     9870.21618    61037.94486    28386.37292    66135.60809     -375.22184      519.77956     -192.37099     8894.80755         122401
     0.30000     1904.25767   355464.01608      100.30242     1425.81631     3352.18596     -111.69673     1058.78766      -20.67178     -251.05726    57727.27159    88341.26180    53615.49546      714.75252     -795.64361      742.85328     -360.54317   -61588.52360     7863.00909    57366.72841    26752.73820    61478.50454     -403.35902      610.05096     -276.87652     7111.54366         115094
     0.40000     1793.50420   331834.28284      549.14786      886.91375     3307.62299     -152.70765      307.71723      337.54846     -517.05015    53667.66739    82492.74090    50488.12548      551.66946    -1304.42215      624.91204      174.66521   -57475.48179     6533.74904    53842.33261    25017.25910    57021.87452       61.15473      627.50103      229.76541     6037.91865         107510
     0.50000     1322.09859   307242.55363     -178.94104      980.80912     3265.80429     -362.22849      592.80584      -99.14996      -60.76920    49827.81033    76528.16844    47104.50624      645.43039    -1661.30973      593.92742      -22.62066   -53423.33687     5423.98751    49805.18967    23104.83156    52528.49376     -164.33536      186.81929      -45.93659     5061.08926          99633
     0.60000     1911.74473   288660.73652     -521.29623     1044.06835     2689.80904     -449.69661      529.46322     -378.57329     -255.88950    46535.17536    71827.94539    44559.70430      605.56975    -1676.95279      362.85153      260.64927   -50324.89077     4211.59139    46795.82464    21503.05461    48771.29570       86.47758      257.94298      205.14911     4088.80785          93331
     0.70000      897.74012   267409.13013     -248.02421      507.74865     2258.34323     -333.17591      292.88669       66.69129      -70.57591    43021.24995    66539.81444    41717.45877      760.24017    -1856.92253      814.72507      400.50009   -46636.62889     3008.08247    43421.75005    19903.18556    44725.54123      149.62577      -87.41599      284.61139     2967.53086          86443
     0.80000     1709.41037   246492.62457     -224.98146      827.28752     2223.13159     -184.28032      341.96565     -612.85619       16.23835    39811.53538    61157.39741    38849.38494     1035.02769    -2100.53818       33.69652       11.92924   -42679.79483     1936.23012    39823.46462    18477.60259    40785.61506     -311.63958     -292.69806        0.80972     2047.89872          79635
     0.90000     2253.48286   227515.43781      292.10739     1066.21213     1242.16230       24.45262       61.27619     -298.27653      -63.30377    36540.60346    56231.31763    36047.41066      648.42620    -2107.87912      369.67283       63.79308   -39317.63526     1050.17869    36604.39654    16913.68237    37097.58934     -374.32528      142.88321       47.85854     1208.53732          73145
     1.00000     1363.73212   208705.83161    -1002.28269      909.29164     1417.65291     -377.34054      337.80367     -368.64794       99.09755    33441.81864    51778.67881    33308.36566      728.72884    -2294.45011      281.39874      329.36272   -36344.35763      596.26868    33771.18136    15434.32119    33904.63434     -698.83574     -168.92774      183.70634      785.33854          67213
     1.10000     1585.19406   190596.89178      271.43193      880.03157      941.80255       29.65037      339.81155     -215.81454      118.05666    30514.77496    47135.58819    30673.40777      313.60134    -2602.07897      447.64526      153.45007   -33088.17638     -163.81554    30668.22504    14047.41181    30509.59223     -572.06838     -103.91507       92.44113       30.15791          61183
     1.20000     1499.26820   175026.78139    -1331.43627     1056.88226      685.51222     -385.15500      320.38588      142.91891      559.31300    28114.01437    43225.95519    28600.16502      562.34812    -2348.68523      219.53865      -33.02875   -30256.91037    -1005.33005    28080.98563    12969.04481    27594.83498     -571.66985     -185.49611      -34.49861     -611.48170          56195
     1.30000      983.19952   159547.05173     -941.95507      714.87034      670.13359     -223.60788      330.34468      263.94132      120.90794    25688.31934    39481.93343    26335.15983      668.19486    -2272.93791      183.88649     -130.63868   -27717.86687    -1424.31966    25557.68066    11764.06657    24910.84017     -346.01291       49.60365      -21.71816     -910.57210          51246
     1.40000     1390.82302   145491.14775     -536.84826      740.45236      512.42819     -227.11390      136.06312       15.14033      -77.37124    23439.77306    35976.28456    24096.94726      500.47153    -2584.95839      302.77051     -251.54612   -25324.56913    -1565.89452    23188.22694    10651.71544    22531.05274     -308.37730     -210.63310     -185.58224    -1065.61903          46628
     1.50000     1054.83057   131542.03016    -1182.45539      597.69579      357.48325     -287.24486      282.66984      305.08675      305.98847    21086.82798    32497.07036    22215.44197      412.79273    -2343.84279      268.70978       24.34404   -22796.14072    -2232.88394    21111.17202     9700.92964    19982.55803     -320.51167     -178.09466       84.39772    -1661.55554          42198
     1.60000     1184.76407   120207.40454     -593.38589      539.17279      342.36411     -205.15502      294.12230       55.17504      124.82886    19340.06787    29658.80164    20515.56587      388.80939    -2333.12377      502.17472     -141.13574   -20778.60329    -2492.13174    19198.93213     8880.19836    18023.43413     -413.78498     -412.72576     -117.46403    -1897.90185          38539
     1.70000      613.84843   108192.58637     -481.03185      292.58459      167.21302     -149.43678      -66.40133       44.80887       44.82794    17286.46039    26652.46119    18504.21238      413.67814    -2228.05141      111.22099       13.07922   -18718.92238    -2422.42475    17299.53961     7933.53881    16081.78762      -45.44479      -28.96207       48.57993    -1909.77207          34586
     1.80000      801.85529    96498.88498     -411.16665      481.55226      476.08382      -81.15471     -131.60890      111.63202      186.19456    15731.08847    23902.05370    16747.36114      414.46037    -2238.80072      341.92773     -435.17694   -16777.10741    -2467.72227    15295.91153     7124.94630    14279.63886     -286.31779      -53.32540     -300.77287    -1985.43473          31027
     1.90000      940.79346    86547.41113       33.81320      379.39538      481.11734      103.17022      -11.79697      -29.37022      248.99318    13814.70880    21467.11148    15175.23865      486.17706    -2116.90463      408.19700      171.58240   -15133.22297    -2549.47729    13986.29120     6333.88852    12625.76135     -270.51501      -62.94332      183.69828    -1982.65702          27801
     2.00000      549.60480    78047.99159      -81.38800      173.54234      217.93782       74.36277       30.13881      178.50459      311.82150    12587.09274    19155.63994    13757.46802      301.80229    -1880.86835      187.75999     -189.18548   -13326.27989    -2529.93605    12397.90726     5829.36006    11227.53198     -168.43520       46.47944     -118.97522    -1968.87397          24985
     2.10000      418.65431    69479.41598     -354.86929      163.07489      249.57019     -129.13307       25.31528       54.21397      241.56379    11173.04230    17016.29083    12261.33772      245.95234    -1848.22773       20.25008      -76.08460   -11762.58165    -2252.67544    11096.95770     5253.70917    10008.66228     -138.59980     -205.54603      -45.88398    -1808.78727          22270
     2.20000      -63.47169    62310.55643     -370.20778      126.82212      -43.97305     -102.58945      142.72860     -100.69602      309.54885     9936.78242    15193.41714    11013.18270      334.01234    -1682.59687      -87.91174      -91.56484   -10604.83428    -2244.36541     9845.21758     4588.58286     8768.81730     -254.95412      145.26826       -6.55694    -1739.95683          19782
     2.30000      417.36591    55277.39504     -218.93038      129.62214        7.39791      -12.06260       14.16644      183.66443      130.76580     8924.93689    13526.82347     9909.66426      169.24642    -1791.51000      -43.33854     -218.87379    -9422.64694    -2188.32851     8706.06311     4104.17653     7721.33574      -38.13438       83.89919     -160.07476    -1711.26831          17631
     2.40000      217.45624    49583.50498     -174.23733       68.52304      -41.64422      -75.30362      -77.40686      -53.82870        5.52158     7885.81558    12165.96767     8939.61837      332.07996    -1540.56523      -37.80596       21.36884    -8538.93534    -2086.23673     7907.18442     3627.03233     6853.38163       14.04839       52.52061       10.91952    -1630.63565          15793
     2.50000      411.14860    42845.60148      280.77958      141.64972      140.57680       -8.93454      -32.79280      -90.31205      -53.57569     6798.97998    10463.85036     7744.68284      187.26371    -1400.39203       -3.10405       91.04004    -7238.70071    -1800.36567     6890.02002     3225.14964     5944.31716       -1.91460      -13.78202       91.99781    -1452.70698          13689
     2.60000      605.14618    37283.20688      170.42858      190.48736      210.74777       70.07565      -60.85733       65.28368      -43.64799     6035.11393     9164.85150     6781.35627      122.31506    -1189.01986      -30.81857      -62.22786    -6321.70300    -1554.71253     5972.88607     2843.14850     5226.64373        5.24647       51.43229      -14.23260    -1271.92730          12008
     2.70000      183.98033    33023.87758      330.35188      103.40722       81.84291      151.92655      -26.80515       81.94747       -9.29386     5185.91607     8053.77593     6046.09380      272.21974    -1138.63221       16.16386      199.16786    -5536.55186    -1521.18760     5385.08393     2517.22407     4524.90620      -81.38323       67.96164      156.05268    -1264.40337          10571
     2.80000       15.44623    28606.43351      214.15811       80.47964      181.84479       97.33402       21.93282      -54.79519       -1.29653     4611.94010     7022.59221     5217.14250      250.95638     -998.62264      -59.64511      -22.88019    -4844.18442    -1233.28501     4589.05990     2178.40779     3983.85750       57.03643       93.02902      -25.21037    -1020.59729           9201
     2.90000      -95.61039    25045.51406      376.37067        2.38651      221.93733      162.71508      -96.60455     -100.73140      -58.61496     3989.85183     6179.81650     4643.18658       22.70264     -892.68901      -93.09196       99.29634    -4280.63300    -1207.37317     4089.14817     1899.18350     3435.81342        6.15643      -61.64916       71.24248    -1019.18765           8079
     3.00000      252.83145    21793.81037      141.39972      100.62199      364.14240      126.13029       -3.33578     -112.47629      -39.91962     3528.99244     5392.52477     4174.33318      -33.86392     -842.61948      108.86321       59.01513    -3668.04953    -1231.66636     3588.00756     1724.47523     2942.66682       18.66863      -81.27301       19.45804     -995.39253           7117
     3.10000       -1.39952    18948.96895      414.82868       72.95424      138.74253      105.93103      105.93992      -61.52076     -106.32927     2979.78475     4637.24963     3496.42588      139.77641     -693.40075       65.79563      123.43050    -3191.49926     -909.85177     3103.21525     1445.75037     2586.57412       64.80025      -67.18485       88.23101     -760.01802           6083
     3.20000      114.29781    16495.93227      345.95513       95.05477      214.82261      143.03927       74.39932      -19.04836      -88.91956     2639.79545     4053.72225     3108.70018      -94.97015     -621.39102       80.90425       83.40910    -2744.44449     -854.40036     2723.20455     1309.27775     2254.29982        8.22322       53.14873       52.11198     -699.75639           5363
     3.30000     -168.16333    13953.71952      228.68003       27.21496      144.74082       92.36590      147.99258      -94.55288      -45.63754     2184.28980     3395.71788     2631.04910      -77.54912     -454.08330      111.63474      133.42040    -2289.43576     -760.09821     2317.71020     1106.28212     1870.95090      -47.02246       27.65641       83.19025     -657.15512           4502
     3.40000      -82.59234    12004.51285      212.95191      -41.89899       76.50453      141.23735       98.31821      -27.79251       41.31950     1898.57440     2915.52083     2262.61099      -28.84743     -477.86065       92.36621       46.85121    -1987.04166     -681.22198     1945.42560      928.47917     1581.38901       94.70128       29.42580       49.19246     -585.54662           3844
     3.50000     -105.68757    10283.10190      130.79872       17.58013      114.42708       63.94728      105.17950     -150.83490      -47.88014     1634.06789     2482.25466     1970.76092       41.49034     -440.13039       77.18005       26.86422    -1669.50933     -646.52183     1660.93211      812.74534     1324.23908      -43.55096      -57.35846       29.84132     -513.69235           3295
     3.60000      118.10152     9171.30108      107.77095       69.01744      107.80791       16.73800       67.36639      -92.17123      -18.29941     1471.36596     2228.57761     1729.49599        8.04035     -404.45421        2.22868       15.26808    -1499.15523     -500.99197     1486.63404      729.42239     1228.50401       27.60945      -52.49933       10.24040     -430.46024           2958
     3.70000      -10.48368     7430.04815       45.63688       32.77365      151.39658       38.64671       98.55755      -61.26042      -44.71222     1214.43711     1805.55595     1461.75314       23.06685     -404.43391       26.53594        5.12578    -1177.11191     -489.50629     1219.56289      628.44405      972.24686       23.86651      -69.38212       11.25941     -392.55779           2434
     3.80000      -75.37523     6553.17201      207.33495       40.51741      138.05287       66.41426      136.12369     -130.92009      -45.09231     1066.07588     1584.22664     1233.26549       21.40204     -355.92832      -43.73769        3.84824    -1032.45328     -330.53097     1069.92412      551.77336      902.73451       11.08521      -24.40416       14.86649     -267.92229           2136
     3.90000       75.61465     5533.65879       16.83784       49.69816      112.49716      -15.12072       53.78299      -78.16095      -31.01742      885.02145     1328.88826     1062.26257       48.55525     -275.75383      -27.30837       35.95709     -851.77651     -318.52514      920.97855      477.11174      743.73743       -8.52597      -27.29896       21.13746     -268.96608           1806
     4.00000       89.33905     4816.16022       31.07200       73.81484      110.06293       33.95619       47.97948      -46.19047       55.64512      758.74592     1172.77653      933.40468        8.47203     -275.24456       13.28265       68.50816     -759.55306     -280.80936      827.25408      413.22347      652.59532       23.46339      -11.44401       66.08683     -232.45795           1586
     4.10000      -57.62192     3923.95823      118.29305       -5.11814      107.22053       32.39390       30.31251      -59.34045      -11.24236      639.00071      947.91627      757.34925       65.94542     -203.24666      -28.00220       16.99858     -600.83253     -219.69850      655.99929      347.08373      537.65075      -25.45907      -28.17958        7.34672     -186.13194           1295
     4.20000     -115.26676     3376.84140      152.10597      -12.99478      124.82034       72.99726       67.50011      -66.81145       41.50674      568.52406      814.80140      657.79112       35.27276     -200.75916       17.84536      -10.04811     -502.60280     -188.58223      558.47594      312.19860      469.20888      -15.20298      -27.45190       -0.23788     -149.42445           1127
     4.30000      -27.49304     3111.46160       96.25132        6.48845       72.43857       62.44494       61.60777      -84.76939       -4.31479      514.45074      736.33844      575.96762       -8.86011     -172.73983        2.89741      -15.90148     -459.67689     -138.93524      498.54926      276.66156      437.03238      -61.85921      -44.77270       -5.26316     -122.83898           1013
     4.40000       12.99658     2665.68005       73.95188       19.51084       30.62102       25.88072       18.16775       19.98810      -28.53023      436.68007      612.48826      493.49114       62.29831     -150.88955       -0.03633      -11.36015     -362.97651     -124.98228      425.31993      249.51174      368.50886      -29.37887      -31.40334       -8.20340      -99.01799            862
     4.50000       19.58320     2149.85802       81.45018       34.61949       55.55268       16.15225       40.88115       -2.49378      -17.94276      351.59493      525.20856      420.75595       -5.69744     -125.96294       24.12834       15.81014     -331.41711     -122.51189      367.40507      193.79144      298.24405      -10.90403      -46.84068       18.85257     -100.95383            719
     4.60000       14.09954     1882.74443       19.83761        3.80424       13.44393       -3.76498       21.50419       19.50873      -39.04045      297.44424      432.31322      354.20923        8.75929     -102.51263       -1.72691       12.11152     -257.62644     -101.41846      309.55576      174.68678      252.79077      -21.67045      -17.06388        5.43717      -83.49249            607
     4.70000        0.02269     1668.86202       36.63037        3.69059       -0.56267       30.32364       19.54139       22.10349        4.28078      265.40497      384.16128      329.37473      -21.67484     -106.46540       -0.94332        7.19005     -230.32257     -120.74946      272.59503      153.83872      208.62527      -14.65396        5.33164       11.22931      -91.64667            538
     4.80000       11.71742     1203.89619      132.83052       -8.17669       12.48535       49.54830        1.68569      -21.96539      -12.97881      189.97018      282.38219      224.54262       27.09518      -56.89042       11.18978        9.05964     -175.76437      -60.08524      199.02982      106.61781      164.45738      -13.09270       -0.38464        7.87669      -45.28392            389
     4.90000      -61.42355     1112.36758       48.53216      -24.34360       17.64541       26.59368        1.48366      -24.44118       -7.07614      190.03061      246.69468      205.72362       -7.72784      -73.99885        0.25024      -22.06121     -135.38935      -53.44724      167.96939      111.30532      152.27638      -23.49231        4.15410      -18.75388      -43.80865            358
     5.00000      -54.85036      951.07961      110.26811      -17.49665       12.35502       46.03621       25.85010       -7.64888        1.21993      158.01887      204.12669      178.00368       -2.07445      -76.29096       20.04762       -9.03774     -101.25339      -49.00735      148.98113      102.87331      128.99632       -1.80177        2.39528       -3.89298      -40.06446            307
     5.10000      -84.88834      828.50712       72.19117      -30.54259      -20.24854       37.75589       11.29696       10.55055       10.56151      126.05226      170.97015      141.19152       29.28981      -55.10299       17.38038        2.89549      -86.94031      -27.38305      128.94774       84.02985      113.80848       10.86498        2.55608        0.63455      -25.45791            255
     5.20000      -48.70064      684.96540       75.73377      -29.88899       -7.88011       35.17699       -5.69725       24.13135       -2.55264      115.43502      146.59000      127.14429       10.21211      -42.52936       18.67467      -13.87005      -76.17999      -37.28858      101.56498       70.41000       89.85571       -4.27618       -3.04580       -8.51197      -29.68652            217
     5.30000      -88.32160      672.06602       93.11822      -39.47918      -16.94608       36.87941       -1.78501       -0.82857       -8.61707      101.88703      148.65869      126.60632       20.05336      -39.34736       -4.21336       -0.77407      -94.31737      -50.21264      101.11297       54.34131       76.39368       -0.01640       -3.18259       -3.36206      -43.04511            203
     5.40000      -33.65210      610.82153       68.77307      -24.32483      -21.44212       25.53726        4.68647        3.51769      -10.43569       95.21347      120.53062      110.23960       16.50068      -34.01670      -14.54292      -10.42694      -61.06125      -40.47921       84.78653       59.46938       69.76040       -4.02171        8.91115       -7.75807      -34.60655            180
     5.50000       -7.37127      464.43873       54.06319      -10.54049      -26.44004       20.94945       -8.67427        7.06778       -7.44108       70.46407       96.70590       81.64664       14.79320      -35.34364       -1.64394       -4.92814      -57.41181      -27.29328       65.53593       39.29410       54.35336        7.11389       -1.58398       -5.45414      -22.88799            136
     5.60000        5.89678      403.14263       11.28449        3.64830      -33.79871       -0.37339        2.28557        8.95868       -4.36496       61.93953       76.03593       62.68439       10.45966      -25.09595       -1.93116      -12.87906      -41.07185      -14.36879       49.06047       34.96407       48.31561        0.99611       -0.55121       -8.23786      -10.12545            111
     5.70000       11.96751      280.42137       -0.54566        4.44091       -5.59558       -7.57791       -8.44880       -5.33079      -11.23919       45.82703       55.42547       46.92640       17.15165      -11.84078        0.52033       -7.65405      -26.85095       -9.85279       38.17297       28.57453       37.07360       -5.27278        6.43958       -6.75913       -4.27107             84
     5.80000       24.15976      266.34861        7.00909       15.02072      -20.01989        7.91297       -3.70719        5.80659       -4.84510       45.98137       51.87678       36.60647        6.35343      -16.47890        0.66723      -15.96274      -27.75357        2.78707       30.01863       24.12322       39.39353        3.37503        3.68861      -11.08054        0.11237             76
     5.90000       48.70718      273.92819      -10.17333       20.57175      -17.36472       -0.30949       -4.21328       -1.45766       -0.38586       47.39862       49.87554       34.56331       -7.36828      -18.54209       -5.11920      -18.79723      -23.75109        6.87338       28.60138       26.12446       41.43669       13.32154        9.98804      -15.61972        5.09915             76
     6.00000       36.61410      233.54874       -2.36975       15.33361      -11.76670        0.54527       -6.48774       -7.81280        0.03143       39.71422       49.21756       35.96967        3.61664      -11.90549        2.59934      -13.42843      -32.43512       -5.93935       26.28578       16.78244       30.03033       -1.12816        9.98079       -8.84711       -1.45510             66
     6.10000       18.85285      140.94875      -14.60750       10.09389      -11.95602       -9.87605       -4.16314       -2.99358       -5.40587       22.61785       26.91495       20.85651        7.47178       -3.72512        5.80618       -8.23569      -16.82989       -4.71302       14.38215       10.08505       16.14349        9.85554        8.16828       -7.62986       -1.38877             37
     6.20000       14.38802      151.32234       -3.73146       10.03946      -10.20704        1.34358        5.63381        1.15892       -3.17820       24.59719       29.79440       26.96013        7.17814      -11.45262        1.75013       -5.19438      -15.58880       -9.92026       19.40281       14.20560       17.03987       -1.09597        3.66245       -5.21670       -5.95816             44
     6.30000       30.44466      133.74994      -24.07211       14.19003      -12.64414       -4.92705       -4.85233       11.44855        1.07969       25.54140       25.94721       20.64873       -0.50936      -12.17152       -2.33862      -13.08281      -13.89443       -3.29747       12.45860       12.05279       17.35127        5.80711        3.83238      -11.62239       -1.90579             38
     6.40000       13.22129       70.72155       -6.52740        6.51243        0.69922       -1.78345        3.86120       -5.06660        0.70789       12.50458       15.48100       10.51718        0.31637       -4.21465       -0.60322       -3.00917       -8.96199        0.96564        9.49542        6.51900       11.48282       -1.74822        2.52145       -1.29068       -0.10573             22
     6.50000       16.51568       62.88671      -11.13033        8.28739       -3.28011       -1.41207        2.56679       -2.33595        1.65456        9.87694       13.40774       11.29502        4.67920       -4.06251        1.25868       -1.75387       -8.81548       -4.59004        8.12306        4.59226        6.70498       -4.35565        1.79228       -0.35234       -4.63484             18
     6.60000       15.55763       77.94478       -4.06713        6.64778        0.72068        2.00135        0.31217       -1.16793        4.19757       14.54338       18.40023       13.90844        6.41210       -2.65937        1.03342       -3.08675      -10.80047       -1.81688       11.45662        7.59977       12.09156       -5.15237        6.16690       -2.85203       -2.89127             26
     6.70000        6.52868       34.82642        2.86549        2.96055        2.09199        3.28319        3.83175        0.53478        4.33766        7.59182        9.05114        6.87664        2.75943       -2.34657       -1.94464       -3.18365       -6.10227       -1.75329        4.40818        2.94886        5.12336       -3.02645        0.40730       -4.50046       -0.97840             12
     6.80000        5.43652       44.70712       13.86222        3.13065       -4.16708        8.09450        0.78595       -0.97560        2.30306        6.45930       11.11677        8.65025        5.88677       -1.11796        0.33645       -0.91860      -10.23354       -5.30049        5.54070        0.88323        3.34975       -2.22689        4.79997       -0.47401       -4.91962             12
     6.90000        0.84886       17.41594       -1.62324        1.62285        5.98658        0.52926       -0.90091       -1.17581        1.45697        4.16579        4.49731        4.24923        2.10937       -2.44465        3.82457        0.66841        0.00538        0.50155        4.83421        4.50269        4.75077       -0.22277        0.26650       -0.57587        0.22428              9
     7.00000       -1.09699        5.79939       -1.46691       -1.15175        3.92881       -0.29572       -1.56821        1.54417       -0.13648        3.67090        3.45404        2.25485        1.92999        1.65671        0.76855       -2.34181       -1.90809        0.49030        1.32910        1.54596        2.74515       -1.91890       -0.24187       -1.67085       -0.48870              5
     7.10000       -1.88327        3.34526        0.70019       -1.45394        1.95537        0.63191       -1.17401       -0.37690        0.89844        1.18964        1.91244        0.46687        1.05821       -0.19982        1.73061       -0.37928       -1.82489        1.06625        0.81036        0.08756        1.53313       -0.39895        1.05981       -0.41770        1.05351              2
     7.20000        2.62684        5.71316       -1.10450        1.80688        2.65385       -1.21662        0.81038       -1.29452       -0.40198        1.58036        2.42258        2.27349        1.50463       -0.90230       -1.06988       -0.16072       -1.84517       -1.54699        1.41964        0.57742        0.72651       -0.49637       -1.56530       -0.71762       -1.57580              3
     7.30000       -0.06911        4.68606        4.20438       -0.06366        1.28796        1.56639       -0.09636       -1.23216       -1.13695        0.30395        1.01623        1.31650        1.84157       -1.25449       -0.92071        1.39211       -0.03245       -0.63299        1.69605        0.98377        0.68350        0.86625       -0.81318        0.66840       -0.84396              2
     7.40000        1.31145        1.29857        2.40738        0.96656        0.96318        0.67000        0.49575        0.51794       -0.99476        0.93423        0.92771        0.44890        0.25645        0.26887       -0.74236       -0.86847       -0.85541        0.10219        0.06577        0.07229        0.55110       -0.83648        0.09843       -0.80568        0.09480              1
