   -19.000     0.031     0.046
   -18.900     0.020     0.035
   -18.800     0.025     0.038
   -18.700     0.025     0.058
   -18.600     0.023     0.038
   -18.500     0.031     0.021
   -18.400     0.028     0.021
   -18.300     0.025     0.011
   -18.200     0.021     0.022
   -18.100     0.017     0.019
   -18.000     0.013     0.001
   -17.900     0.011    -0.002
   -17.800     0.012     0.006
   -17.700     0.007    -0.005
   -17.600     0.010    -0.004
   -17.500     0.004    -0.010
   -17.400     0.004    -0.018
   -17.300    -0.008    -0.007
   -17.200     0.000     0.001
   -17.100     0.008    -0.010
   -17.000     0.006     0.003
   -16.900     0.008     0.002
   -16.800     0.001    -0.011
   -16.700     0.008    -0.015
   -16.600     0.011    -0.024
   -16.500     0.022    -0.018
   -16.400     0.025    -0.024
   -16.300     0.028    -0.021
   -16.200     0.027    -0.026
   -16.100     0.027    -0.029
   -16.000     0.024    -0.025
   -15.900     0.022    -0.040
   -15.800     0.023    -0.061
   -15.700     0.022    -0.047
   -15.600     0.009    -0.065
   -15.500     0.015    -0.046
   -15.400     0.007    -0.048
   -15.300     0.010    -0.039
   -15.200     0.026    -0.042
   -15.100     0.021    -0.017
   -15.000     0.014    -0.027
   -14.900     0.014    -0.025
   -14.800     0.016    -0.033
   -14.700     0.021    -0.022
   -14.600     0.023    -0.026
   -14.500     0.025    -0.011
   -14.400     0.038    -0.001
   -14.300     0.043    -0.021
   -14.200     0.033    -0.012
   -14.100     0.023    -0.001
   -14.000     0.024    -0.002
   -13.900     0.017    -0.005
   -13.800     0.015    -0.000
   -13.700     0.011     0.008
   -13.600     0.017     0.007
   -13.500     0.003     0.018
   -13.400     0.004     0.022
   -13.300     0.001     0.025
   -13.200     0.006     0.012
   -13.100    -0.002     0.005
   -13.000     0.003     0.011
   -12.900     0.003     0.011
   -12.800    -0.001     0.007
   -12.700     0.001     0.002
   -12.600    -0.001    -0.004
   -12.500    -0.007    -0.018
   -12.400    -0.005    -0.004
   -12.300    -0.009    -0.023
   -12.200    -0.006    -0.016
   -12.100     0.001    -0.004
   -12.000    -0.005     0.006
   -11.900    -0.004    -0.004
   -11.800    -0.008    -0.012
   -11.700    -0.003     0.000
   -11.600    -0.014     0.006
   -11.500    -0.016     0.013
   -11.400    -0.020     0.022
   -11.300    -0.012     0.025
   -11.200     0.000     0.008
   -11.100     0.002     0.017
   -11.000     0.002     0.018
   -10.900    -0.002     0.026
   -10.800    -0.002     0.026
   -10.700     0.002     0.039
   -10.600     0.007     0.024
   -10.500    -0.003     0.025
   -10.400     0.003     0.003
   -10.300    -0.000     0.005
   -10.200    -0.000     0.006
   -10.100    -0.001    -0.011
   -10.000     0.002    -0.015
    -9.900     0.006    -0.009
    -9.800    -0.004    -0.012
    -9.700    -0.006    -0.010
    -9.600    -0.011    -0.016
    -9.500    -0.011    -0.020
    -9.400    -0.009    -0.015
    -9.300    -0.007    -0.017
    -9.200    -0.001    -0.012
    -9.100    -0.000    -0.002
    -9.000    -0.002    -0.014
    -8.900     0.000    -0.003
    -8.800     0.010    -0.029
    -8.700     0.010    -0.023
    -8.600     0.011    -0.023
    -8.500     0.017    -0.007
    -8.400     0.020    -0.001
    -8.300     0.021     0.003
    -8.200     0.012     0.009
    -8.100     0.010    -0.032
    -8.000     0.013    -0.037
    -7.900     0.015    -0.025
    -7.800     0.015    -0.018
    -7.700     0.013    -0.012
    -7.600     0.014     0.010
    -7.500     0.006    -0.012
    -7.400     0.002    -0.000
    -7.300     0.010    -0.005
    -7.200    -0.002    -0.002
    -7.100     0.010    -0.017
    -7.000     0.004    -0.022
    -6.900     0.016    -0.029
    -6.800     0.016    -0.033
    -6.700     0.020    -0.042
    -6.600     0.013    -0.035
    -6.500     0.009    -0.035
    -6.400     0.011    -0.027
    -6.300     0.018    -0.038
    -6.200     0.013    -0.032
    -6.100     0.023    -0.039
    -6.000     0.027    -0.042
    -5.900     0.033    -0.051
    -5.800     0.042    -0.049
    -5.700     0.035    -0.032
    -5.600     0.030    -0.054
    -5.500     0.022    -0.041
    -5.400     0.020    -0.025
    -5.300     0.022    -0.039
    -5.200     0.025    -0.043
    -5.100     0.022    -0.029
    -5.000     0.023    -0.041
    -4.900     0.031    -0.036
    -4.800     0.021    -0.033
    -4.700     0.024    -0.032
    -4.600     0.036    -0.046
    -4.500     0.032    -0.036
    -4.400     0.029    -0.048
    -4.300     0.022    -0.041
    -4.200     0.019    -0.054
    -4.100     0.024    -0.048
    -4.000     0.016    -0.049
    -3.900     0.016    -0.051
    -3.800     0.027    -0.041
    -3.700     0.026    -0.049
    -3.600     0.022    -0.027
    -3.500     0.029    -0.006
    -3.400     0.034    -0.011
    -3.300     0.024    -0.017
    -3.200     0.023    -0.017
    -3.100     0.013    -0.037
    -3.000     0.008    -0.040
    -2.900     0.001    -0.054
    -2.800     0.006    -0.025
    -2.700    -0.004    -0.032
    -2.600    -0.003    -0.051
    -2.500    -0.013    -0.058
    -2.400    -0.013    -0.067
    -2.300    -0.025    -0.061
    -2.200    -0.042    -0.053
    -2.100    -0.052    -0.054
    -2.000    -0.051    -0.052
    -1.900    -0.057    -0.017
    -1.800    -0.046    -0.021
    -1.700    -0.050    -0.021
    -1.600    -0.057    -0.016
    -1.500    -0.065    -0.018
    -1.400    -0.079    -0.032
    -1.300    -0.079    -0.019
    -1.200    -0.088    -0.013
    -1.100    -0.099    -0.029
    -1.000    -0.109    -0.023
    -0.900    -0.118    -0.042
    -0.800    -0.118    -0.033
    -0.700    -0.120    -0.027
    -0.600    -0.134    -0.043
    -0.500    -0.135    -0.054
    -0.400    -0.145    -0.049
    -0.300    -0.157    -0.053
    -0.200    -0.161    -0.053
    -0.100    -0.166    -0.059
     0.000    -0.168    -0.046
     0.100    -0.176    -0.053
     0.200    -0.179    -0.062
     0.300    -0.183    -0.057
     0.400    -0.187    -0.063
     0.500    -0.196    -0.068
     0.600    -0.192    -0.074
     0.700    -0.190    -0.068
     0.800    -0.197    -0.066
     0.900    -0.202    -0.065
     1.000    -0.208    -0.084
     1.100    -0.214    -0.075
     1.200    -0.215    -0.076
     1.300    -0.218    -0.072
     1.400    -0.221    -0.090
     1.500    -0.210    -0.057
     1.600    -0.218    -0.070
     1.700    -0.210    -0.071
     1.800    -0.212    -0.063
     1.900    -0.203    -0.050
     2.000    -0.212    -0.066
     2.100    -0.219    -0.074
     2.200    -0.204    -0.051
     2.300    -0.202    -0.056
     2.400    -0.193    -0.015
     2.500    -0.192    -0.035
     2.600    -0.184    -0.009
     2.700    -0.195     0.008
     2.800    -0.170     0.009
     2.900    -0.182     0.025
     3.000    -0.178     0.048
     3.100    -0.186     0.032
     3.200    -0.170     0.044
     3.300    -0.158     0.057
     3.400    -0.158     0.051
     3.500    -0.126     0.090
     3.600    -0.121     0.097
     3.700    -0.121     0.068
     3.800    -0.144     0.056
     3.900    -0.224     0.053
     4.000    -0.181     0.062
     4.100    -0.152     0.183
     4.200    -0.179     0.060
     4.300    -0.220    -0.116
     4.400    -0.181    -0.212
     4.500    -0.290    -0.016
     4.600    -0.177    -0.025
     4.700    -0.281     0.039
     4.800    -0.258    -0.258
     4.900    -0.340    -0.223
     5.000    -0.265    -0.365
     5.100    -0.175    -0.138
     5.200     0.430     0.123
     5.300    -0.410    -0.932
     5.500    -0.023    -0.692
